State,0.025,0.1,0.25,0.5,0.75,0.9,0.975
Alabama,105.225,135.0,166.99999999999997,184.0,213.0,651.0,865.2749999999994
Alabama,51.0,65.7,84.75,88.0,107.0,116.0,164.87499999999997
Alabama,65.0,81.0,111.0,111.0,126.0,144.0,185.0
Alabama,65.0,65.0,81.0,92.0,126.0,146.0,213.0
Alabama,66.0,74.0,74.0,105.0,185.0,187.80000000000004,334.0
Alabama,74.0,111.80000000000001,138.0,144.0,146.0,185.0,199.69999999999993
Alabama,65.0,65.0,81.0,92.0,126.0,146.0,213.0
Alabama,56.325,74.0,113.0,113.0,184.0,355.0,451.0
Alabama,65.0,66.0,81.0,106.0,134.0,184.0,184.0
Alabama,48.475,67.0,79.0,106.0,139.0,185.0,185.0
Alabama,46.0,48.0,48.0,125.0,138.0,138.0,172.0
Alabama,74.0,107.29999999999998,125.0,144.0,157.0,189.90000000000006,234.0
Alabama,48.0,69.0,72.0,86.49999999999997,138.0,139.0,139.0
Alabama,65.0,65.0,106.99999999999997,125.0,146.0,184.0,184.0
Alabama,63.0,63.0,104.74999999999997,139.0,237.0,237.0,237.0
Alabama,67.0,67.0,92.0,113.0,172.0,237.0,237.0
Alabama,48.0,92.0,111.0,138.0,184.0,234.0,235.575
Alabama,65.0,74.0,74.0,88.0,122.99999999999999,172.0,195.0
Alabama,78.375,90.7,137.25,157.0,200.99999999999994,237.0,384.92499999999956
Alabama,92.0,105.50000000000001,134.0,157.0,248.0,276.0,355.0
Alabama,58.0,59.800000000000004,74.0,163.0,355.0,355.0,355.0
Alabama,65.0,65.0,66.0,122.0,146.0,146.0,273.7749999999996
Alabama,65.0,90.0,107.0,125.0,146.0,237.0,412.0
Alabama,65.0,108.70000000000002,111.0,150.49999999999997,184.0,234.0,237.0
Alabama,63.0,100.0,105.0,116.0,157.0,172.0,184.07499999999993
Alabama,14.95,16.0,37.0,91.0,237.0,237.0,237.0
Alabama,48.0,81.0,92.0,142.49999999999997,234.0,412.0,412.0
Alabama,109.0,109.0,126.0,138.0,144.0,184.0,276.0
Alaska,0.0,0.0,0.0,1.0,3.0,7.0,7.0
Alaska,1.0,1.0,1.0,7.0,7.0,7.100000000000001,8.0
Alaska,0.0,0.0,0.0,0.0,2.0,3.0,10.09999999999999
Alaska,0.0,0.0,0.0,0.0,2.0,3.0,10.09999999999999
Alaska,0.0,0.0,0.0,0.0,2.0,3.0,10.09999999999999
Alaska,0.0,0.0,0.0,0.0,2.0,3.0,10.09999999999999
Alaska,0.0,0.0,0.0,0.0,2.0,3.0,10.09999999999999
Alaska,1.0,1.0,21.0,21.0,21.0,21.0,25.0
Alaska,0.0,0.0,0.0,0.0,2.0,3.0,10.09999999999999
Alaska,2.0,3.0,7.499999999999997,8.0,8.0,16.6,30.0
Alaska,0.0,0.0,0.0,1.0,5.249999999999997,8.3,12.524999999999991
Alaska,0.0,0.0,0.0,1.0,5.249999999999997,8.3,12.524999999999991
Alaska,0.0,0.0,0.0,1.0,5.0,6.0,6.0
Alaska,0.0,0.9000000000000007,1.0,2.0,5.0,23.0,31.0
Alaska,0.0,0.0,0.0,0.4999999999999973,2.0,2.3000000000000034,5.0
Alaska,1.0,1.0,1.0,7.0,9.0,9.0,9.0
Alaska,0.0,0.0,0.0,0.4999999999999973,2.0,2.3000000000000034,5.0
Alaska,0.0,0.0,0.0,0.0,1.0,1.0,6.0
Alaska,0.0,0.0,0.0,0.0,2.0,3.0,10.09999999999999
Alaska,1.0,1.0,2.0,13.0,13.0,13.0,16.0
Alaska,0.0,0.0,0.0,1.0,5.249999999999997,8.3,12.524999999999991
Alaska,0.0,0.0,0.0,1.0,4.0,9.0,9.0
Alaska,0.0,0.0,0.0,0.0,1.0,1.0,6.0
Alaska,1.0,1.0,7.0,13.0,13.0,13.0,30.0
Alaska,0.0,0.0,0.0,1.0,5.249999999999997,8.3,12.524999999999991
American Samoa,0.0,0.0,0.0,0.0,2.0,3.0,10.09999999999999
American Samoa,0.0,0.0,0.0,0.0,2.0,3.0,10.09999999999999
Arizona,246.0,333.3,651.0,698.0,729.0,994.0,994.0
Arizona,69.0,141.0,234.0,312.0,495.0,579.0,729.0
Arizona,137.8,234.0,309.0,309.0,451.0,579.0,729.0
Arizona,137.8,248.0,309.0,309.0,451.0,579.0,729.0
Arizona,137.8,234.0,309.0,309.0,482.99999999999966,701.1,729.0
Arizona,137.8,234.0,309.0,309.0,451.0,579.0,729.0
Arizona,137.8,248.0,309.0,309.0,451.0,579.0,729.0
Arizona,336.0,396.0,412.0,433.0,495.0,700.5,994.0
Arizona,172.95,396.0,651.0,994.0,994.0,994.0,994.0
Arizona,174.0,174.0,206.0,206.0,248.0,309.0,579.0
Arizona,172.0,246.0,246.0,336.0,651.0,698.0,698.0
Arizona,101.025,141.0,141.0,206.0,248.0,651.0,698.0
Arizona,246.0,309.0,336.0,433.0,651.0,994.0,994.0
Arizona,163.0,163.0,234.0,729.0,729.0,729.0,729.0
Arizona,273.3,336.0,396.0,396.0,451.0,700.5,729.0
Arizona,65.0,65.0,79.0,105.0,144.0,377.40000000000026,579.0
Arizona,451.0,651.0,651.0,698.0,698.0,994.0,994.0
Arizona,336.0,396.0,433.0,698.0,729.0,994.0,994.0
Arizona,396.0,396.0,651.0,651.0,994.0,994.0,994.0
Arizona,312.0,579.0,723.0,994.0,994.0,994.0,994.0
Arizona,127.35,240.3,336.0,651.0,698.0,729.0,994.0
Arizona,115.0,115.0,246.25,457.4999999999993,698.0,994.0,994.0
Arizona,164.4,241.0,433.0,651.0,651.0,729.0,729.0
Arizona,234.0,336.0,336.0,336.0,579.0,579.0,651.0
Arizona,237.0,312.0,312.0,334.0,495.0,729.0,994.0
Arizona,241.0,355.0,495.0,651.0,651.0,698.0,729.0
Arizona,396.0,433.0,495.0,651.0,698.0,698.0,726.15
Arizona,241.0,245.5,246.0,336.0,651.0,698.0,994.0
Arkansas,12.95,15.0,24.0,31.499999999999996,41.0,48.5,73.87499999999996
Arkansas,26.0,27.0,27.0,41.0,52.0,69.0,82.64999999999993
Arkansas,23.0,34.0,41.0,81.0,81.0,88.0,118.24999999999991
Arkansas,34.0,34.0,41.0,88.0,113.0,113.0,123.0
Arkansas,21.475,22.0,34.0,58.0,76.99999999999997,125.0,125.0
Arkansas,22.0,22.0,34.0,41.0,88.0,100.0,115.1
Arkansas,34.0,34.0,41.0,88.0,113.0,113.0,123.0
Arkansas,25.475,27.0,27.0,31.0,38.74999999999999,88.0,89.57499999999997
Arkansas,7.0,13.0,21.0,25.0,37.0,41.0,41.0
Arkansas,9.0,12.0,12.0,12.0,15.249999999999986,27.0,29.62499999999999
Arkansas,41.0,45.0,67.0,84.49999999999999,237.0,237.0,237.0
Arkansas,12.0,12.0,14.0,27.0,29.0,35.0,146.0
Arkansas,12.0,12.0,12.0,17.0,30.0,45.0,120.72499999999988
Arkansas,15.0,20.0,21.0,38.0,41.0,62.0,62.0
Arkansas,20.0,22.8,36.0,41.0,46.0,47.0,95.0
Arkansas,27.0,31.0,31.0,41.0,54.0,88.0,94.14999999999999
Arkansas,13.0,23.0,27.249999999999996,45.0,45.0,102.0,102.0
Arkansas,20.0,20.0,21.0,38.0,45.0,54.0,67.0
Arkansas,26.475,27.0,35.0,46.0,54.0,88.0,94.14999999999999
Arkansas,13.0,14.0,23.0,24.0,34.0,47.0,69.72499999999998
Arkansas,7.0,12.9,19.749999999999993,25.0,38.0,41.0,46.0
Arkansas,15.425,21.0,27.0,41.0,41.0,45.0,698.0
Arkansas,20.0,22.8,31.0,31.0,38.74999999999999,62.0,65.0
Arkansas,1.0,1.0,12.0,17.0,48.0,72.0,72.0
Arkansas,12.0,13.8,14.0,30.0,41.0,47.0,71.97499999999995
Arkansas,20.475,21.0,27.0,35.0,37.0,41.0,44.05
California,174.0,396.0,651.0,698.0,729.0,755.5000000000003,994.0
California,355.0,355.0,423.74999999999994,451.0,651.0,698.0,994.0
California,172.0,172.0,172.0,651.0,651.0,658.8000000000001,994.0
California,172.0,172.0,172.0,651.0,651.0,658.8000000000001,994.0
California,172.0,172.0,172.0,651.0,651.0,698.0,994.0
California,172.0,172.0,172.0,651.0,651.0,729.0,994.0
California,172.0,172.0,172.0,651.0,651.0,658.8000000000001,994.0
California,174.0,396.0,596.4999999999998,651.0,723.0,729.0,994.0
California,355.0,396.0,433.0,451.0,651.0,723.6,994.0
California,241.0,495.0,651.0,651.0,651.0,729.0,729.0
California,172.0,172.0,172.0,174.0,651.0,651.0,698.0
California,451.0,495.0,651.0,651.0,651.0,698.0,729.0
California,246.0,246.0,246.0,336.0,651.0,698.0,994.0
California,276.975,336.0,396.0,433.0,579.0,579.0,698.0
California,174.0,174.0,396.0,433.0,651.0,651.0,994.0
California,172.0,172.0,172.0,396.0,433.0,651.0,994.0
California,495.0,495.0,651.0,651.0,651.0,698.0,729.0
California,246.0,246.0,246.0,336.0,451.0,698.0,994.0
California,312.525,396.0,651.0,698.0,723.0,755.5000000000003,994.0
California,364.5,396.0,651.0,994.0,994.0,994.0,994.0
California,312.0,312.0,312.0,334.0,433.0,579.0,579.0
California,174.0,174.0,396.0,651.0,705.7499999999999,729.0,994.0
California,396.0,396.0,396.0,674.4999999999999,994.0,994.0,994.0
California,172.0,172.0,172.0,174.0,433.0,651.0,651.0
California,172.0,396.0,396.0,651.0,994.0,994.0,994.0
California,234.0,234.0,268.49999999999994,312.0,412.0,729.0,868.1249999999993
California,396.0,396.0,495.0,651.0,651.0,698.0,698.0
California,174.0,373.8000000000002,433.0,651.0,729.0,994.0,994.0
Colorado,12.0,12.0,32.0,62.0,88.0,579.0,579.0
Colorado,17.425,22.900000000000002,30.0,32.0,32.0,45.0,46.05
Colorado,13.0,24.0,36.0,60.0,73.24999999999991,106.0,110.72499999999998
Colorado,20.475,24.0,24.0,24.0,36.0,106.0,106.0
Colorado,13.0,13.0,13.0,24.0,106.0,115.0,115.0
Colorado,13.0,13.0,18.249999999999993,36.0,106.0,106.0,115.0
Colorado,20.475,24.0,24.0,24.0,36.0,106.0,106.0
Colorado,9.0,9.0,14.0,14.0,23.0,30.0,41.0
Colorado,22.0,23.0,51.0,67.0,95.0,95.0,154.4249999999999
Colorado,1.0,20.0,26.0,32.0,66.25,88.0,88.0
Colorado,31.0,31.0,31.0,31.0,35.0,45.1,88.0
Colorado,10.425,14.0,14.0,21.0,30.0,32.0,35.0
Colorado,12.0,12.0,15.499999999999996,26.99999999999999,38.0,62.0,191.24999999999977
Colorado,22.425,34.0,35.0,41.0,42.249999999999986,65.0,95.0
Colorado,20.0,45.0,60.0,72.0,107.99999999999999,125.0,138.0
Colorado,13.0,23.0,25.0,28.0,41.0,41.0,45.0
Colorado,12.0,12.0,23.0,31.0,35.0,54.80000000000001,92.0
Colorado,7.0,11.0,12.0,16.0,30.0,31.0,134.0
Colorado,71.375,92.0,114.0,139.5,195.0,276.0,355.0
Colorado,17.375,20.0,28.0,35.0,38.0,117.0,123.0
Colorado,12.475,17.0,17.0,29.0,31.0,37.0,62.0
Colorado,14.0,20.500000000000004,26.0,32.0,33.0,41.0,134.0
Colorado,12.0,13.0,14.0,24.0,28.0,45.2,114.0
Colorado,22.475,27.0,32.0,41.0,63.0,101.60000000000001,112.24999999999997
Colorado,4.800000000000001,12.0,23.0,30.0,31.0,41.0,41.0
Colorado,14.0,23.0,38.0,47.0,47.0,47.0,47.0
Connecticut,13.0,24.0,34.0,53.0,115.0,336.0,336.0
Connecticut,23.0,41.0,41.0,105.0,105.0,105.0,105.0
Connecticut,17.0,17.0,28.0,28.0,41.0,48.0,48.0
Connecticut,21.0,28.0,28.0,28.0,41.0,48.0,65.0
Connecticut,17.0,20.0,28.0,28.0,41.0,48.0,65.0
Connecticut,21.0,28.0,28.0,28.0,41.0,48.0,65.0
Connecticut,21.0,28.0,28.0,28.0,41.0,48.0,65.0
Connecticut,21.0,30.0,42.5,60.0,88.0,101.0,116.44999999999996
Connecticut,7.0,7.0,12.0,12.0,27.0,163.0,163.0
Connecticut,21.0,35.0,60.0,67.0,67.0,115.8,174.0
Connecticut,1.0,9.899999999999999,12.0,14.0,25.0,31.0,36.24999999999998
Connecticut,1.0,1.0,1.0,7.0,27.0,37.0,263.7999999999995
Connecticut,5.0,9.0,23.0,25.0,36.0,45.0,45.0
Connecticut,7.375,10.0,10.0,30.0,63.24999999999983,112.0,135.0
Connecticut,7.0,7.0,7.0,21.99999999999997,41.0,41.0,41.0
Connecticut,23.0,35.0,35.0,38.0,48.0,48.0,60.0
Connecticut,9.0,9.0,9.0,17.0,17.0,17.0,17.0
Connecticut,11.0,11.0,11.0,31.0,35.0,35.0,41.2999999999999
Connecticut,23.0,30.0,41.0,47.0,47.0,81.0,134.0
Connecticut,1.0,1.0,7.0,27.0,31.0,31.0,94.44999999999976
Connecticut,12.0,14.0,21.0,43.0,43.0,43.0,43.0
Connecticut,17.325,23.0,23.0,24.0,65.0,65.0,77.07499999999995
Connecticut,12.0,12.0,25.0,37.0,38.0,47.0,88.0
Connecticut,20.0,20.0,20.0,48.0,48.74999999999999,174.0,213.0
Connecticut,14.0,14.0,20.75,37.0,65.0,65.0,495.0
Connecticut,12.95,14.0,14.0,14.0,29.249999999999996,38.300000000000004,100.77499999999925
Connecticut,7.0,11.0,12.0,23.0,47.0,355.0,355.0
Delaware,2.0,2.0,8.999999999999995,14.0,23.0,30.0,30.0
Delaware,5.0,5.0,7.0,12.0,45.0,135.0,154.0
Delaware,5.0,5.0,10.499999999999996,12.0,13.0,43.0,43.0
Delaware,5.0,5.0,11.0,12.0,13.0,16.0,43.0
Delaware,5.0,5.0,5.0,12.0,12.0,43.0,43.0
Delaware,6.0,6.9,7.0,11.499999999999996,60.0,60.0,60.0
Delaware,5.0,5.0,11.0,12.0,13.0,16.0,43.0
Delaware,5.0,5.0,9.0,12.0,13.0,43.0,43.0
Delaware,9.0,9.0,12.0,12.0,12.0,17.0,35.29999999999997
Delaware,3.425,11.0,11.0,12.499999999999996,16.0,16.0,19.0
Delaware,0.0,2.0,3.0,5.0,23.0,37.0,62.0
Delaware,5.0,5.0,5.0,5.0,11.0,28.0,39.44999999999996
Delaware,1.0,1.0,1.0,1.0,1.0,2.0,2.0
Delaware,12.0,12.0,17.0,79.0,79.0,79.0,79.0
Delaware,5.0,7.0,7.0,9.0,12.0,18.200000000000014,37.0
Delaware,1.475,2.0,3.0,10.0,17.0,21.400000000000006,25.0
Delaware,1.0,2.900000000000001,3.0,3.0,3.0,7.0,8.0
Delaware,12.0,13.0,14.0,16.0,16.0,30.0,31.0
Delaware,0.0,0.0,0.0,0.0,2.0,3.0,10.09999999999999
Delaware,0.0,0.0,2.0,14.0,24.0,30.0,30.0
Delaware,1.0,2.0,2.0,4.0,12.0,32.0,97.0
Delaware,3.9000000000000004,6.0,6.0,10.0,10.0,10.0,10.0
Delaware,5.0,7.0,7.0,7.0,13.499999999999995,23.0,48.0
Delaware,12.0,17.0,17.0,17.0,17.0,30.0,41.0
Delaware,2.0,2.0,2.0,16.0,30.0,30.0,30.0
Delaware,2.0,3.0,12.0,12.0,97.0,97.0,97.0
District of Columbia,5.0,5.0,9.0,11.0,17.0,29.8,51.0
District of Columbia,5.0,5.0,6.0,10.0,10.0,12.0,12.0
District of Columbia,1.0,5.0,10.0,12.0,48.0,79.0,79.0
District of Columbia,1.0,5.0,10.0,12.0,48.0,79.0,79.0
District of Columbia,7.0,7.0,10.0,12.0,79.0,79.0,79.0
District of Columbia,7.0,7.0,10.0,12.0,79.0,79.0,79.0
District of Columbia,1.0,5.0,10.0,12.0,48.0,79.0,79.0
District of Columbia,1.0,2.0,5.0,11.0,11.99999999999999,65.0,65.0
District of Columbia,10.0,10.0,10.0,10.499999999999996,25.0,25.0,25.0
District of Columbia,7.0,7.0,7.0,7.0,9.0,9.0,41.0
District of Columbia,1.0,1.0,1.0,6.0,6.0,10.200000000000003,19.674999999999944
District of Columbia,6.0,6.0,6.0,10.499999999999996,25.0,65.0,111.24999999999997
District of Columbia,9.0,12.0,20.0,20.0,20.0,48.0,48.0
District of Columbia,1.0,1.0,14.0,14.0,14.0,17.0,17.0
District of Columbia,1.475,2.0,3.0,10.0,17.0,21.400000000000006,25.0
District of Columbia,2.0,2.0,6.0,8.499999999999991,13.0,15.0,17.0
District of Columbia,11.0,11.0,13.0,14.0,14.0,16.1,17.0
District of Columbia,6.0,6.0,6.0,19.0,28.0,51.0,125.0
District of Columbia,0.0,0.0,0.0,0.0,2.0,3.0,10.09999999999999
District of Columbia,1.0,5.0,12.0,14.0,23.0,23.0,23.0
District of Columbia,6.0,10.9,11.0,13.0,13.0,13.0,14.574999999999992
District of Columbia,1.0,11.0,13.0,14.0,14.0,14.0,17.0
District of Columbia,2.475,5.0,6.0,12.0,15.0,17.0,17.0
District of Columbia,2.0,4.0,9.0,10.0,11.0,11.0,16.0
District of Columbia,37.6,74.0,74.0,125.0,172.0,172.0,172.0
Florida,355.0,396.0,451.0,651.0,698.0,729.0,729.0
Florida,451.0,451.0,495.0,495.0,495.0,698.0,994.0
Florida,241.0,355.0,651.0,651.0,651.0,698.0,698.0
Florida,241.0,355.0,651.0,651.0,651.0,698.0,714.2749999999997
Florida,174.0,234.30000000000004,495.0,651.0,651.0,651.0,868.1249999999993
Florida,241.0,495.0,651.0,651.0,651.0,698.0,729.0
Florida,241.0,355.0,651.0,651.0,651.0,698.0,714.2749999999997
Florida,351.9,433.0,723.0,723.0,994.0,994.0,994.0
Florida,396.0,451.0,451.0,495.0,698.0,698.0,729.0
Florida,355.0,355.0,433.0,451.0,698.0,700.5,729.0
Florida,651.0,651.0,651.0,651.0,651.0,651.0,729.0
Florida,208.2,396.0,698.0,713.4999999999999,994.0,994.0,994.0
Florida,241.0,241.0,241.0,312.0,312.0,312.0,495.0
Florida,172.95,174.0,340.4999999999997,651.0,651.0,729.0,729.0
Florida,355.0,651.0,651.0,651.0,651.0,729.0,729.0
Florida,147.175,212.3,234.0,234.0,247.49999999999997,309.0,336.0
Florida,396.0,433.0,495.0,674.4999999999999,729.0,729.0,729.0
Florida,279.45,396.0,651.0,651.0,723.0,729.0,994.0
Florida,355.0,396.0,433.0,451.0,662.7499999999999,729.0,868.1249999999993
Florida,317.25,396.0,451.0,495.0,495.0,698.0,729.0
Florida,115.0,172.0,309.0,336.0,698.0,994.0,994.0
Florida,355.0,651.0,698.0,698.0,705.7499999999999,729.0,729.0
Florida,172.0,172.0,174.0,396.0,651.0,651.0,729.0
Florida,462.45,651.0,651.0,698.0,729.0,729.0,729.0
Florida,317.25,396.0,451.0,495.0,495.0,698.0,698.0
Florida,241.0,241.0,241.0,312.0,312.0,412.0,495.0
Florida,241.0,241.0,241.0,312.0,412.0,495.0,495.0
Florida,495.0,651.0,651.0,698.0,729.0,729.0,729.0
Georgia,65.0,81.0,81.0,108.49999999999999,157.0,234.0,234.0
Georgia,81.0,111.80000000000001,157.0,276.0,412.0,412.0,723.0
Georgia,74.0,121.3,163.0,213.0,213.0,213.0,241.0
Georgia,69.8,74.0,154.0,172.0,213.0,215.80000000000004,250.1
Georgia,74.0,74.0,154.0,234.0,234.0,252.0,355.0
Georgia,74.0,74.0,74.0,154.0,213.0,213.0,213.0
Georgia,69.8,74.0,154.0,172.0,213.0,215.80000000000004,250.1
Georgia,56.55,66.0,106.0,125.0,184.0,234.0,234.0
Georgia,66.0,81.0,88.0,113.0,135.0,179.4,345.97499999999997
Georgia,155.725,219.0,246.0,322.99999999999994,334.0,334.0,412.0
Georgia,81.0,92.0,105.0,141.0,266.49999999999966,355.0,688.7999999999998
Georgia,76.0,110.8,115.0,144.0,146.0,149.9,334.0
Georgia,134.475,138.0,172.0,173.0,237.0,334.0,384.92499999999984
Georgia,69.0,92.0,114.0,138.0,139.49999999999997,184.0,237.0
Georgia,64.9,67.0,92.0,109.0,138.25,146.0,163.44999999999996
Georgia,78.025,105.0,139.0,195.0,290.49999999999983,336.0,412.0
Georgia,48.0,48.0,65.0,76.0,114.0,125.6,208.22499999999982
Georgia,86.225,134.0,154.0,235.5,334.0,579.0,654.5999999999988
Georgia,56.55,66.0,100.0,112.5,117.0,117.0,146.39999999999986
Georgia,76.0,88.0,113.25,173.0,276.0,337.9,355.0
Georgia,48.0,48.0,69.0,106.0,139.0,184.0,184.0
Georgia,48.0,90.9,192.25,412.0,412.0,412.0,412.0
Georgia,65.0,66.0,111.0,134.0,146.0,241.0,355.0
Georgia,81.0,81.0,91.0,106.0,186.74999999999997,234.0,257.4749999999997
Georgia,78.375,88.0,88.0,234.0,334.0,336.0,796.874999999999
Georgia,51.0,63.0,81.0,88.0,88.0,134.1,172.0
Georgia,73.125,105.0,312.0,312.0,312.0,312.0,495.0
Georgia,51.0,51.0,88.0,102.99999999999999,123.0,138.0,178.29999999999998
Georgia,91.475,107.30000000000001,134.0,138.0,157.0,234.0,237.0
Guam,0.0,0.0,0.0,0.0,2.0,3.0,10.09999999999999
Guam,0.0,0.0,0.0,0.0,2.0,3.0,10.09999999999999
Guam,0.0,0.0,0.0,0.0,2.0,3.0,10.09999999999999
Guam,0.0,0.0,0.0,0.0,2.0,3.0,10.09999999999999
Guam,0.0,0.0,0.0,0.0,2.0,3.0,10.09999999999999
Guam,0.0,0.0,0.0,0.0,2.0,3.0,10.09999999999999
Hawaii,0.0,0.9000000000000007,1.0,2.0,5.0,23.0,31.0
Hawaii,0.0,0.0,1.0,3.0,6.0,9.0,12.0
Hawaii,0.0,0.0,0.0,0.0,2.0,3.0,10.09999999999999
Hawaii,0.0,0.0,0.0,0.0,2.0,3.0,10.09999999999999
Hawaii,0.0,0.0,0.0,0.0,2.0,3.0,10.09999999999999
Hawaii,0.0,0.0,0.0,0.0,2.0,3.0,10.09999999999999
Hawaii,0.0,0.0,0.0,0.0,2.0,3.0,10.09999999999999
Hawaii,0.0,0.0,0.0,0.0,2.0,3.0,10.09999999999999
Hawaii,0.0,0.0,0.0,1.0,5.249999999999997,8.3,12.524999999999991
Hawaii,0.0,0.0,1.0,2.0,22.0,22.0,22.0
Hawaii,0.0,0.0,0.0,1.0,2.2499999999999973,3.0,7.0
Hawaii,0.0,0.0,0.0,0.0,2.0,3.0,10.09999999999999
Hawaii,0.0,0.0,0.0,0.0,2.0,3.0,10.09999999999999
Hawaii,0.0,0.0,0.0,1.0,5.249999999999997,8.3,12.524999999999991
Hawaii,1.0,1.0,1.0,1.0,1.0,2.0,2.0
Hawaii,0.0,0.0,1.0,2.0,2.0,5.0,5.0
Hawaii,0.0,0.0,0.0,3.499999999999992,5.0,6.0,6.0
Hawaii,2.0,2.0,2.0,7.0,10.0,10.0,10.0
Hawaii,0.0,0.0,2.0,14.0,24.0,30.0,30.0
Hawaii,0.0,0.0,1.0,3.0,6.0,9.0,12.0
Hawaii,2.0,2.0,2.0,6.0,7.0,12.0,12.0
Hawaii,1.0,1.0,1.0,1.0,1.0,2.0,2.0
Hawaii,0.0,0.0,0.0,1.0,5.249999999999997,8.3,12.524999999999991
Idaho,3.85,12.0,14.0,25.0,31.0,31.0,39.39999999999987
Idaho,14.0,14.0,23.0,32.0,38.74999999999999,47.0,92.0
Idaho,1.0,12.0,12.0,12.0,135.0,135.0,135.0
Idaho,1.0,12.0,12.0,12.0,135.0,135.0,135.0
Idaho,1.0,5.0,10.0,17.0,48.0,112.0,112.0
Idaho,2.0,2.0,4.0,12.0,12.0,76.0,125.0
Idaho,1.0,12.0,12.0,12.0,135.0,135.0,135.0
Idaho,14.0,16.900000000000002,25.0,30.0,144.0,334.0,334.0
Idaho,2.0,2.0,4.0,12.0,12.0,38.60000000000011,125.0
Idaho,12.0,12.0,12.0,16.0,16.0,48.300000000000004,51.0
Idaho,14.0,20.0,30.0,60.0,81.0,88.0,88.0
Idaho,2.0,2.0,2.0,16.0,62.0,123.0,123.0
Idaho,2.0,4.0,16.0,27.0,48.0,48.0,48.0
Idaho,1.0,1.0,9.0,13.0,23.0,30.0,31.0
Idaho,7.0,7.0,7.0,12.0,12.0,12.0,35.0
Idaho,2.0,11.0,11.0,13.499999999999996,16.0,17.200000000000003,19.0
Idaho,5.0,11.0,13.0,16.0,16.0,16.0,16.0
Idaho,7.0,10.0,12.0,23.0,32.0,53.0,144.0
Idaho,7.0,7.0,12.0,37.0,86.0,86.0,86.0
Idaho,0.0,1.0,2.0,2.0,14.249999999999975,23.0,107.0
Idaho,10.0,12.0,13.0,16.0,50.249999999999964,134.0,134.0
Idaho,10.425,12.0,12.0,12.0,31.0,173.0,173.0
Idaho,12.0,12.0,12.0,20.0,27.0,27.0,32.0
Idaho,12.0,15.9,67.0,67.0,67.0,92.0,154.0
Idaho,12.0,12.0,14.0,14.499999999999996,48.0,67.0,67.0
Idaho,9.475,11.0,14.749999999999998,23.0,32.0,53.0,53.0
Illinois,65.0,65.0,91.75,106.0,123.0,135.4,178.29999999999998
Illinois,26.275,48.0,48.0,109.99999999999997,138.0,138.1,173.04999999999998
Illinois,66.0,90.0,122.0,138.0,154.0,163.0,163.0
Illinois,66.0,66.0,66.0,122.0,163.0,334.0,355.0
Illinois,65.0,66.0,66.0,146.0,213.0,355.0,355.0
Illinois,65.0,66.0,66.0,154.0,154.0,154.9,334.0
Illinois,66.0,66.0,66.0,122.0,163.0,334.0,355.0
Illinois,22.0,22.0,31.499999999999986,60.499999999999986,97.0,106.0,106.0
Illinois,88.0,88.0,107.0,151.49999999999997,234.0,336.0,336.0
Illinois,66.475,67.0,92.0,92.0,147.99999999999997,176.10000000000005,237.0
Illinois,65.0,65.0,66.0,90.0,154.0,213.0,355.0
Illinois,48.0,69.0,81.0,111.0,139.0,146.0,232.29999999999924
Illinois,49.0,51.0,75.5,106.0,112.0,114.0,172.0
Illinois,55.65,65.0,65.0,77.49999999999999,114.0,163.0,172.0
Illinois,49.0,67.0,79.0,100.0,114.0,139.0,163.14999999999964
Illinois,66.0,73.19999999999999,90.0,90.0,131.0,185.0,334.0
Illinois,92.0,92.0,131.0,185.0,195.0,195.0,994.0
Illinois,134.0,154.0,312.0,579.0,579.0,579.0,723.0
Illinois,44.325,51.0,51.0,234.0,234.0,234.0,579.0
Illinois,51.0,51.0,74.0,102.0,125.0,125.0,135.0
Illinois,66.0,66.0,114.0,114.0,122.0,126.0,139.0
Illinois,14.95,25.400000000000006,30.249999999999996,495.0,495.0,495.0,579.0
Illinois,53.0,63.0,65.0,88.0,113.0,135.0,184.0
Illinois,64.275,69.0,91.0,107.0,135.0,138.0,158.69999999999993
Illinois,56.7,76.0,100.0,138.0,139.0,185.0,185.0
Illinois,92.4,126.0,172.0,234.0,252.0,257.70000000000005,309.0
Illinois,63.0,81.0,116.0,164.49999999999997,184.0,237.0,994.0
Illinois,48.0,48.0,51.0,66.0,144.2499999999999,172.0,173.0
Illinois,41.0,48.0,49.0,66.99999999999999,116.0,126.0,172.0
Indiana,23.325,33.300000000000004,51.75,67.0,101.0,101.0,101.0
Indiana,14.0,26.0,26.0,52.0,63.0,95.0,97.0
Indiana,14.0,16.900000000000002,21.0,30.499999999999996,38.0,43.0,87.94999999999982
Indiana,21.0,21.0,30.249999999999996,32.0,65.0,65.0,65.0
Indiana,22.0,26.700000000000003,34.0,34.99999999999999,72.0,88.0,125.0
Indiana,17.0,21.0,32.0,39.49999999999999,88.0,95.0,98.67499999999994
Indiana,21.0,21.0,30.249999999999996,32.0,65.0,65.0,65.0
Indiana,21.0,21.0,45.0,72.0,88.0,88.7,130.8749999999999
Indiana,35.425,45.0,49.0,66.0,67.99999999999997,123.0,295.2999999999995
Indiana,23.0,47.0,47.0,47.0,88.0,125.0,138.0
Indiana,12.0,12.0,13.0,37.0,122.99999999999993,141.0,141.0
Indiana,34.0,62.0,62.0,80.99999999999996,102.0,107.4,138.0
Indiana,34.0,41.0,51.0,69.0,106.0,123.0,138.0
Indiana,42.9,66.0,87.5,105.0,106.99999999999997,138.0,146.8749999999999
Indiana,24.85,36.0,54.0,69.49999999999999,83.49999999999997,95.0,101.0
Indiana,54.0,54.0,54.0,60.0,79.0,112.0,156.8499999999999
Indiana,81.0,130.5,139.0,144.0,276.0,355.0,994.0
Indiana,31.0,41.0,48.0,69.0,112.0,138.0,172.0
Indiana,16.75,23.0,60.0,95.0,95.0,135.0,172.0
Indiana,36.0,41.0,58.49999999999999,97.99999999999999,116.0,123.0,173.0
Indiana,21.0,21.900000000000002,31.0,37.0,37.0,37.0,77.07499999999995
Indiana,14.0,14.0,34.0,34.0,52.0,60.0,109.39999999999996
Indiana,41.0,48.6,72.0,81.0,107.0,123.0,173.0
Indiana,26.0,32.0,45.0,53.0,66.0,102.0,729.0
Indiana,42.9,59.10000000000001,62.0,65.0,67.0,74.0,97.24999999999997
Indiana,21.0,33.00000000000001,48.0,101.0,115.0,115.0,179.24999999999997
Indiana,60.0,68.7,106.0,122.0,146.0,173.0,184.0
Indiana,54.0,81.0,81.0,102.0,107.0,116.0,123.0
Indiana,32.95,35.0,50.24999999999999,67.0,97.74999999999999,101.0,101.0
Iowa,20.0,21.900000000000002,27.0,41.0,41.0,45.0,48.0
Iowa,26.0,26.0,31.75,36.99999999999999,67.0,67.0,88.0
Iowa,23.0,23.0,23.0,33.49999999999999,95.0,116.1,117.0
Iowa,12.0,22.0,23.0,60.0,95.0,117.0,184.0
Iowa,21.0,37.7,51.0,60.0,95.0,128.10000000000005,174.0
Iowa,23.0,35.0,35.0,48.0,60.0,115.0,184.0
Iowa,12.0,22.0,23.0,60.0,95.0,117.0,184.0
Iowa,13.0,16.0,24.0,34.5,70.74999999999994,579.0,579.0
Iowa,10.325,22.0,22.0,25.0,31.0,35.0,41.0
Iowa,9.0,12.0,62.0,62.0,74.0,74.0,74.0
Iowa,21.0,34.5,41.0,60.0,69.0,117.0,117.0
Iowa,27.0,32.0,45.0,65.0,101.25,117.0,117.0
Iowa,12.0,12.0,12.0,47.0,62.0,62.0,355.0
Iowa,23.85,27.0,33.0,37.0,41.0,45.0,134.0
Iowa,12.0,12.0,21.0,25.0,35.0,38.0,44.14999999999995
Iowa,30.0,30.0,52.49999999999999,102.0,123.0,123.0,123.0
Iowa,5.0,25.0,25.0,25.0,27.0,27.0,71.0999999999998
Iowa,26.0,26.0,27.0,35.0,77.49999999999996,88.0,89.57499999999997
Iowa,1.0,1.0,5.0,11.0,13.249999999999986,48.0,131.0
Iowa,0.0,0.0,2.0,5.0,5.499999999999995,7.0,8.049999999999995
Iowa,20.0,23.0,33.0,35.0,38.0,67.0,67.0
Iowa,29.9,34.0,34.0,38.0,38.0,38.0,38.0
Iowa,12.475,14.0,16.0,35.0,65.0,88.0,495.0
Iowa,5.0,13.9,17.0,21.0,32.0,36.2,41.67499999999994
Iowa,12.0,21.0,45.0,86.49999999999991,126.74999999999996,172.0,172.0
Iowa,20.0,20.0,35.0,45.0,62.0,125.0,125.0
Iowa,17.0,26.0,30.0,62.0,234.0,334.0,334.0
Kansas,9.0,11.0,11.0,17.0,19.0,31.500000000000018,45.0
Kansas,12.0,12.0,12.0,23.0,30.0,41.0,43.0
Kansas,20.475,25.0,25.0,36.0,41.0,66.0,115.0
Kansas,5.0,14.0,21.75,25.499999999999996,38.0,41.0,106.44999999999996
Kansas,14.0,21.0,23.0,36.0,51.0,95.0,97.0
Kansas,20.475,25.0,26.499999999999996,41.0,45.0,68.90000000000003,115.0
Kansas,5.0,14.0,21.75,25.499999999999996,38.0,41.0,106.44999999999996
Kansas,5.0,5.0,9.0,10.0,10.0,10.0,18.574999999999992
Kansas,7.0,7.0,12.0,29.499999999999996,163.0,163.0,163.0
Kansas,12.0,14.0,23.499999999999996,35.0,47.0,47.0,47.0
Kansas,2.0,2.0,2.0,25.0,106.0,106.0,106.0
Kansas,2.475,6.800000000000002,7.0,16.0,21.0,23.0,25.0
Kansas,6.0,10.0,14.0,19.0,51.0,51.0,51.0
Kansas,5.0,6.800000000000002,7.0,17.0,28.0,28.0,110.57499999999999
Kansas,9.0,12.0,62.0,62.0,74.0,74.0,74.0
Kansas,5.0,5.0,5.0,10.0,11.0,11.0,111.9999999999999
Kansas,4.95,6.0,6.0,16.499999999999996,34.499999999999964,45.0,125.0
Kansas,5.0,5.0,6.0,10.0,10.0,12.0,12.0
Kansas,8.9,12.0,12.0,25.0,76.0,76.0,76.0
Kansas,2.0,2.0,10.499999999999993,16.0,30.0,30.0,30.0
Kansas,11.0,11.0,11.0,15.0,15.0,15.0,48.0
Kansas,10.95,12.0,12.0,12.0,45.0,45.0,140.22499999999994
Kansas,10.0,10.0,16.0,30.0,42.74999999999998,72.0,90.1
Kansas,9.95,13.0,15.0,15.0,15.249999999999996,25.200000000000003,37.0
Kansas,5.0,7.0,7.0,16.0,19.0,27.0,51.0
Kentucky,21.0,26.0,29.499999999999996,34.0,35.25,36.1,96.04999999999998
Kentucky,14.95,27.8,31.0,47.0,47.0,62.0,81.0
Kentucky,10.425,18.8,19.0,37.0,117.0,185.0,185.0
Kentucky,12.95,24.0,30.75,47.0,47.0,47.0,47.0
Kentucky,11.0,11.0,12.0,30.0,117.0,141.0,141.0
Kentucky,12.95,24.0,30.75,47.0,47.0,47.0,47.0
Kentucky,12.95,24.0,30.75,47.0,47.0,47.0,47.0
Kentucky,23.85,40.6,52.0,53.0,69.0,117.0,117.0
Kentucky,20.0,21.0,21.0,26.0,32.499999999999986,41.0,41.0
Kentucky,1.0,5.0,25.0,27.0,163.0,163.0,163.0
Kentucky,25.8,34.5,35.0,35.0,45.0,65.2,101.52499999999999
Kentucky,13.0,19.700000000000003,29.999999999999993,41.0,698.0,698.0,698.0
Kentucky,20.0,37.0,45.0,67.0,72.5,98.90000000000002,134.0
Kentucky,20.0,27.0,35.0,46.0,60.0,60.0,67.0
Kentucky,28.0,41.0,54.0,65.0,81.0,134.0,134.0
Kentucky,13.0,13.0,27.0,27.0,41.0,45.0,391.14999999999844
Kentucky,16.85,23.0,31.75,46.5,67.0,107.0,107.0
Kentucky,12.0,14.0,21.0,22.0,30.0,35.0,46.05
Kentucky,35.0,35.0,46.0,60.0,69.0,69.0,99.62499999999999
Kentucky,12.0,12.0,12.0,12.0,29.0,37.0,107.87499999999967
Kentucky,15.8,50.7,86.74999999999997,111.49999999999999,336.0,336.0,579.0
Kentucky,7.0,10.0,17.0,28.0,97.0,248.0,248.0
Kentucky,21.0,21.0,21.0,21.0,31.99999999999999,41.0,41.0
Kentucky,14.0,14.0,27.0,36.0,41.0,54.0,60.0
Kentucky,12.0,12.0,14.0,23.0,27.0,29.0,37.0
Kentucky,12.0,12.0,14.0,27.0,48.0,67.0,67.0
Kentucky,17.0,21.0,39.49999999999999,47.0,70.24999999999999,88.0,107.0
Kentucky,21.0,27.0,35.0,38.0,62.0,65.2,95.72499999999992
Louisiana,70.325,81.0,88.0,113.0,157.0,184.0,330.7749999999996
Louisiana,69.0,108.7,134.74999999999997,208.99999999999986,237.0,355.0,355.0
Louisiana,58.0,65.0,90.0,131.0,163.0,241.0,241.0
Louisiana,58.0,58.0,102.49999999999999,131.0,163.0,241.0,241.0
Louisiana,58.0,58.0,90.0,131.0,163.0,241.0,241.0
Louisiana,58.0,58.0,90.0,131.0,163.0,241.0,241.0
Louisiana,58.0,58.0,102.49999999999999,131.0,163.0,241.0,241.0
Louisiana,63.0,86.0,105.0,113.49999999999999,127.49999999999997,144.2,172.0
Louisiana,53.0,53.0,106.0,138.0,172.0,173.0,412.0
Louisiana,81.0,92.0,116.25,237.0,355.0,355.0,355.0
Louisiana,48.0,63.30000000000001,88.0,92.0,112.0,123.0,165.9499999999997
Louisiana,66.0,109.0,125.0,146.0,184.0,276.0,355.0
Louisiana,81.0,81.0,81.0,138.0,213.0,412.0,412.0
Louisiana,65.0,65.0,65.0,111.0,134.0,138.0,194.4749999999999
Louisiana,81.0,92.0,131.0,135.0,141.0,237.0,323.54999999999995
Louisiana,22.95,34.0,43.0,63.0,66.0,66.0,92.37499999999991
Louisiana,76.0,88.0,107.0,172.5,222.74999999999997,237.0,276.0
Louisiana,22.0,38.0,38.0,64.49999999999999,74.0,106.0,106.0
Louisiana,56.7,66.0,109.0,111.0,144.0,148.0,184.0
Louisiana,20.475,21.0,23.0,41.0,42.249999999999986,46.0,46.52499999999999
Louisiana,172.0,309.0,433.0,579.0,579.0,698.0,729.0
Louisiana,81.0,109.0,126.0,138.0,157.0,157.0,157.0
Louisiana,81.0,90.0,106.0,117.0,117.0,138.0,171.17499999999993
Louisiana,76.375,81.0,111.0,122.0,157.0,159.70000000000002,276.0
Louisiana,109.0,140.0,185.0,234.0,246.0,252.0,252.0
Louisiana,81.0,101.0,114.0,134.0,184.0,276.0,306.4499999999999
Louisiana,81.0,81.0,92.0,141.5,234.0,276.0,334.0
Maine,2.0,4.800000000000002,5.0,5.0,5.0,7.8,23.0
Maine,0.0,0.9000000000000007,1.0,2.0,5.0,23.0,31.0
Maine,0.0,0.0,0.0,0.0,2.0,3.0,10.09999999999999
Maine,0.0,0.0,0.0,0.0,2.0,3.0,10.09999999999999
Maine,0.0,0.0,0.0,0.0,2.0,3.0,10.09999999999999
Maine,0.0,0.0,0.0,0.0,2.0,3.0,10.09999999999999
Maine,0.0,0.0,0.0,0.0,2.0,3.0,10.09999999999999
Maine,0.0,0.0,2.0,4.0,31.0,38.70000000000001,45.0
Maine,3.0,3.0,5.0,11.0,11.0,19.000000000000032,46.0
Maine,2.0,6.0,14.0,15.0,15.0,30.0,30.0
Maine,0.0,1.0,1.0,1.0,3.0,12.0,12.0
Maine,2.0,2.0,3.0,12.0,27.0,41.0,54.0
Maine,0.0,0.0,1.0,2.0,5.0,9.0,11.0
Maine,0.0,0.0,0.0,0.0,2.0,3.0,10.09999999999999
Maine,1.0,2.0,3.0,5.0,23.0,37.0,62.0
Maine,0.0,0.0,0.0,1.0,5.249999999999997,8.3,12.524999999999991
Maine,0.0,0.0,0.0,1.0,5.249999999999997,8.3,12.524999999999991
Maine,0.0,0.0,0.0,2.0,3.0,3.0,31.0
Maine,1.475,2.0,3.0,10.0,17.0,21.400000000000006,25.0
Maine,0.0,1.0,4.0,7.0,11.0,12.0,22.0
Maine,2.0,2.0,2.0,5.0,7.0,26.0,30.0
Maine,0.0,1.0,2.0,2.0,21.0,23.0,107.0
Maine,2.0,2.0,2.0,5.0,7.0,26.0,30.0
Maine,2.0,2.0,2.0,20.0,28.0,28.0,28.0
Maine,1.0,2.0,3.0,8.0,8.0,8.0,30.0
Maine,0.0,1.0,2.0,2.0,9.0,17.0,21.0
Maryland,27.0,37.0,52.0,67.0,67.0,101.0,101.0
Maryland,7.0,23.0,31.0,33.0,35.0,48.0,66.0
Maryland,48.0,48.0,74.0,86.0,105.0,115.0,116.05
Maryland,48.0,66.0,79.0,109.0,114.0,114.0,117.0
Maryland,60.0,65.0,65.0,74.0,109.0,113.0,150.2
Maryland,61.325,65.9,71.99999999999999,105.0,112.0,119.90000000000003,173.0
Maryland,48.0,66.0,79.0,109.0,114.0,114.0,117.0
Maryland,20.0,34.0,43.0,88.0,88.0,108.6,125.0
Maryland,62.875,106.30000000000001,125.0,135.0,138.0,172.0,172.0
Maryland,47.0,47.0,69.0,86.0,101.24999999999999,125.0,154.0
Maryland,48.0,51.0,136.25,154.0,154.0,154.0,336.0
Maryland,31.0,58.0,71.99999999999999,125.0,125.0,126.30000000000001,138.0
Maryland,21.0,21.0,23.0,27.99999999999998,34.25,48.0,95.0
Maryland,48.0,63.0,63.0,74.0,79.0,88.0,103.59999999999994
Maryland,21.0,45.0,54.0,123.0,396.0,396.0,396.0
Maryland,22.0,22.0,24.0,60.0,95.0,135.0,172.0
Maryland,79.95,81.0,90.0,91.0,148.74999999999997,237.0,237.0
Maryland,19.85,23.0,73.5,88.0,95.0,97.0,113.19999999999997
Maryland,41.0,41.0,58.0,67.0,95.0,123.0,123.0
Maryland,13.0,13.0,35.5,74.0,86.0,88.0,117.0
Maryland,114.0,114.0,174.0,247.0,515.9999999999998,579.0,698.0
Maryland,20.0,21.0,32.0,45.0,61.249999999999986,123.0,138.0
Maryland,17.8,23.8,34.0,51.0,52.0,74.0,117.0
Maryland,41.0,41.0,45.0,74.0,95.0,95.0,172.39999999999966
Maryland,12.475,19.300000000000004,21.0,36.0,48.74999999999999,100.0,103.14999999999999
Maryland,51.0,74.0,86.0,100.0,138.0,172.0,243.625
Maryland,31.0,45.0,65.75,74.0,110.24999999999996,123.0,156.37499999999991
Maryland,34.0,42.800000000000004,66.0,98.99999999999999,101.0,101.0,112.54999999999995
Massachusetts,22.0,40.00000000000001,63.0,81.0,115.25,138.0,213.92499999999987
Massachusetts,13.0,23.0,35.5,36.0,94.99999999999993,125.0,144.9499999999999
Massachusetts,31.025,65.0,79.0,86.0,132.74999999999997,138.0,174.0
Massachusetts,65.0,65.0,79.0,105.0,138.0,139.0,139.0
Massachusetts,51.0,79.0,105.0,105.0,138.0,174.0,174.0
Massachusetts,65.0,79.0,105.0,122.0,138.0,180.00000000000006,579.0
Massachusetts,65.0,65.0,79.0,105.0,138.0,139.0,139.0
Massachusetts,65.0,73.2,79.0,100.99999999999994,165.24999999999997,173.0,239.1
Massachusetts,81.0,90.0,122.0,132.5,172.0,234.3,334.0
Massachusetts,81.0,81.0,81.0,81.0,111.0,123.2,179.24999999999997
Massachusetts,22.0,24.0,38.499999999999986,53.999999999999964,100.0,112.0,182.22499999999974
Massachusetts,28.85,41.0,45.0,66.0,66.0,72.2,729.0
Massachusetts,48.0,50.800000000000004,59.999999999999986,76.0,135.0,138.7,172.0
Massachusetts,74.0,81.0,81.0,111.0,144.0,173.20000000000002,226.87499999999997
Massachusetts,48.475,60.0,65.0,81.0,113.0,135.0,138.0
Massachusetts,12.0,12.0,12.0,35.0,36.0,48.0,48.0
Massachusetts,65.0,65.0,65.0,65.0,111.99999999999999,134.0,255.7249999999995
Massachusetts,21.0,21.0,41.0,66.0,79.0,91.9,579.0
Massachusetts,51.0,51.0,51.0,59.99999999999995,106.0,126.00000000000001,184.0
Massachusetts,22.0,22.0,60.0,66.0,100.0,100.0,112.0
Massachusetts,34.375,58.0,66.0,131.0,172.0,355.0,355.0
Massachusetts,65.0,81.0,84.75,92.0,144.5,149.8,273.7749999999996
Massachusetts,48.0,49.0,63.0,76.0,116.0,135.0,172.0
Massachusetts,31.0,37.0,41.0,49.0,74.0,135.0,138.0
Massachusetts,12.0,24.0,74.0,174.0,174.0,174.0,174.0
Massachusetts,20.0,20.0,43.99999999999999,96.49999999999997,138.0,146.80000000000004,237.0
Massachusetts,81.0,81.0,91.5,157.0,204.7499999999999,412.0,412.0
Massachusetts,29.125,51.0,66.0,81.0,113.0,124.20000000000002,135.0
Michigan,14.0,21.0,35.0,45.0,67.0,88.0,91.67499999999998
Michigan,14.0,23.0,34.99999999999999,48.0,88.74999999999997,107.0,107.0
Michigan,42.9,47.0,65.0,86.0,115.0,125.0,146.87499999999997
Michigan,45.95,66.0,66.0,111.99999999999999,138.0,139.0,139.0
Michigan,58.0,60.0,74.0,74.0,112.0,139.0,139.0
Michigan,54.0,73.5,74.0,115.0,125.0,138.0,139.0
Michigan,45.95,66.0,66.0,111.99999999999999,138.0,139.0,139.0
Michigan,22.0,51.0,51.0,135.0,138.0,138.0,172.0
Michigan,49.425,68.60000000000001,81.0,108.99999999999999,144.0,173.20000000000002,184.0
Michigan,34.35,48.0,49.0,88.0,114.74999999999997,135.0,172.0
Michigan,48.0,63.0,66.0,74.0,86.5,115.0,125.49999999999983
Michigan,41.0,41.0,51.0,100.0,125.0,138.0,138.525
Michigan,21.0,21.0,39.24999999999999,45.0,123.0,163.8000000000003,396.0
Michigan,48.9,65.9,66.0,96.49999999999996,125.0,139.0,146.87499999999997
Michigan,35.0,41.0,43.0,62.499999999999986,101.0,101.0,116.34999999999997
Michigan,66.0,81.0,81.0,109.0,122.0,130.60000000000005,237.0
Michigan,86.225,134.0,219.0,235.5,312.0,579.0,723.0
Michigan,38.125,48.0,66.0,69.0,112.25,140.50000000000003,234.0
Michigan,21.0,32.0,32.0,65.0,74.0,88.0,102.0
Michigan,28.0,35.0,41.0,53.0,67.0,69.0,89.39999999999996
Michigan,12.0,12.0,12.0,21.0,21.0,21.0,21.525
Michigan,20.0,27.0,41.0,43.0,45.0,52.0,391.14999999999844
Michigan,21.0,32.0,32.0,65.0,74.0,88.0,102.0
Michigan,21.0,30.6,33.0,38.0,47.999999999999986,65.0,88.0
Michigan,49.0,58.0,66.75,100.0,125.0,138.0,138.0
Michigan,20.0,20.0,20.0,48.0,48.0,106.0,213.0
Michigan,81.0,81.0,106.0,111.0,138.0,174.10000000000002,210.2499999999999
Michigan,30.95,36.0,41.0,63.49999999999998,116.0,116.0,116.0
Michigan,34.475,35.0,50.24999999999999,63.0,81.0,101.0,112.54999999999995
Minnesota,26.0,31.0,31.0,33.0,38.0,54.0,94.2999999999999
Minnesota,21.0,21.0,21.0,45.0,52.0,53.0,53.0
Minnesota,22.0,33.7,51.0,60.0,99.99999999999997,116.0,172.0
Minnesota,23.0,33.80000000000001,60.0,91.49999999999999,116.0,135.0,135.0
Minnesota,22.0,35.0,51.0,60.0,110.49999999999999,135.0,172.0
Minnesota,22.0,22.0,51.0,60.0,95.0,116.0,172.0
Minnesota,23.0,33.80000000000001,60.0,91.49999999999999,116.0,135.0,135.0
Minnesota,7.0,14.0,22.75,24.0,47.0,92.0,186.49999999999977
Minnesota,21.0,25.0,25.0,41.0,45.0,95.0,97.0
Minnesota,16.0,16.0,31.0,38.0,54.74999999999998,88.0,94.14999999999999
Minnesota,20.0,36.0,41.0,45.0,101.0,116.0,123.0
Minnesota,16.0,16.0,16.0,35.0,67.0,91.0,94.14999999999999
Minnesota,17.0,21.0,22.0,32.0,35.0,65.0,106.54999999999995
Minnesota,17.0,21.0,23.0,38.0,52.0,65.0,101.0
Minnesota,22.475,23.0,37.0,95.0,117.0,135.0,172.0
Minnesota,12.0,23.0,34.0,34.0,36.0,38.0,74.09999999999964
Minnesota,17.0,17.0,32.0,53.0,66.0,101.0,124.05
Minnesota,12.0,12.0,12.0,12.0,41.0,65.0,65.0
Minnesota,25.475,26.0,26.0,35.0,55.499999999999986,88.0,91.0
Minnesota,21.0,21.0,23.0,35.0,53.24999999999997,97.0,115.0
Minnesota,20.475,31.0,36.0,52.0,67.0,101.0,101.0
Minnesota,14.0,14.0,16.0,26.999999999999993,35.0,41.0,58.19999999999998
Minnesota,1.0,18.100000000000012,21.0,32.0,62.0,62.0,62.0
Minnesota,20.0,20.0,20.0,23.0,48.0,174.0,213.0
Minnesota,21.0,21.0,31.0,31.0,46.0,52.0,53.0
Minnesota,13.475,17.0,21.0,28.0,38.0,38.0,41.0
Minnesota,17.0,21.0,27.0,41.0,48.0,52.0,62.0
Mississippi,48.0,48.0,76.0,100.0,138.0,139.70000000000002,185.0
Mississippi,65.475,66.0,87.5,88.0,92.0,125.0,273.7749999999996
Mississippi,14.0,16.900000000000002,20.0,27.0,41.0,45.0,85.02499999999984
Mississippi,21.0,21.0,34.0,35.0,35.0,52.0,52.0
Mississippi,20.95,23.0,29.249999999999993,32.0,32.0,32.2,65.0
Mississippi,17.0,17.0,17.0,29.499999999999986,35.0,41.0,43.62499999999996
Mississippi,21.0,21.0,34.0,35.0,35.0,52.0,52.0
Mississippi,51.0,51.0,69.0,106.0,184.0,184.0,184.0
Mississippi,41.0,58.0,74.0,115.0,172.25,234.0,234.0
Mississippi,81.0,90.0,107.0,135.0,135.0,195.0,994.0
Mississippi,31.0,31.0,31.0,48.0,74.0,88.0,93.09999999999997
Mississippi,34.0,51.0,65.0,93.99999999999997,102.0,138.0,138.0
Mississippi,48.0,49.0,49.0,49.0,76.0,114.2,167.72499999999997
Mississippi,48.0,48.0,49.0,74.0,109.0,172.0,172.0
Mississippi,44.325,64.8,91.0,112.0,123.74999999999999,139.0,172.0
Mississippi,48.0,49.0,64.5,95.99999999999997,138.0,138.0,139.0
Mississippi,63.0,63.0,106.0,184.0,184.0,184.0,184.0
Mississippi,46.0,46.0,63.0,125.0,138.0,172.0,172.0
Mississippi,67.0,74.0,88.0,100.0,138.0,157.0,172.0
Mississippi,18.425,34.0,36.75,51.0,74.0,88.3,123.0
Mississippi,2.0,5.0,5.0,12.499999999999991,15.0,15.0,30.0
Mississippi,51.0,63.0,77.99999999999999,103.99999999999999,137.74999999999997,355.0,355.0
Mississippi,41.0,48.0,48.0,69.0,113.0,113.0,138.0
Mississippi,48.0,66.0,88.0,91.0,114.0,184.0,184.0
Mississippi,48.0,107.0,123.0,135.0,135.0,138.0,172.0
Mississippi,41.0,50.7,74.0,123.0,135.0,138.0,172.0
Mississippi,69.0,72.0,102.0,116.0,128.24999999999997,138.0,303.6999999999981
Mississippi,46.95,65.0,84.75,109.49999999999999,135.0,139.0,172.0
Missouri,24.375,33.0,41.0,45.0,60.0,67.0,91.0
Missouri,27.0,35.0,35.0,52.0,67.0,100.0,101.0
Missouri,21.75,34.0,48.0,58.0,63.0,75.40000000000002,125.0
Missouri,34.0,36.0,36.0,66.0,113.0,125.0,135.0
Missouri,34.95,38.0,43.0,66.0,74.0,88.0,125.0
Missouri,17.0,34.0,36.0,51.0,59.99999999999998,88.7,119.2999999999999
Missouri,34.0,36.0,36.0,66.0,113.0,125.0,135.0
Missouri,20.0,21.0,35.0,45.0,45.0,52.0,65.0
Missouri,20.95,45.0,51.0,86.0,102.0,123.0,123.0
Missouri,17.9,21.0,21.0,23.0,45.0,97.0,115.0
Missouri,12.0,20.0,32.0,45.0,54.0,60.0,101.0
Missouri,27.0,31.500000000000004,32.0,43.0,63.49999999999999,67.0,438.29999999999853
Missouri,20.95,27.0,34.0,38.0,65.0,88.0,119.94999999999969
Missouri,23.0,26.0,31.0,35.0,46.25,67.0,113.59999999999994
Missouri,46.9,62.10000000000001,88.0,88.0,97.0,101.1,109.87499999999987
Missouri,24.75,30.0,52.74999999999999,67.0,107.0,123.0,123.0
Missouri,13.0,13.0,22.0,23.0,25.0,53.0,53.0
Missouri,17.0,21.0,30.0,45.0,54.0,81.0,108.84999999999991
Missouri,12.0,12.0,23.0,30.0,41.0,41.0,104.97499999999995
Missouri,23.0,23.0,41.0,41.0,67.0,81.0,112.54999999999995
Missouri,17.0,21.0,39.99999999999999,54.0,81.0,81.0,125.0
Missouri,20.0,41.0,43.0,45.5,62.0,88.3,125.0
Missouri,35.0,41.0,50.49999999999999,63.99999999999999,69.0,69.0,97.0
Missouri,24.0,33.800000000000004,35.0,65.0,65.0,65.0,77.07499999999982
Missouri,14.0,30.0,35.0,36.0,36.0,52.2,54.0
Missouri,27.0,27.0,30.75,41.0,45.0,88.0,88.0
Missouri,1.0,17.0,20.0,20.0,23.0,32.0,48.14999999999995
Montana,7.0,10.0,10.0,12.0,13.0,17.600000000000005,55.24999999999988
Montana,2.0,2.0,5.999999999999995,11.0,15.0,20.0,23.0
Montana,0.0,0.0,0.0,0.0,2.0,3.0,10.09999999999999
Montana,0.0,0.0,0.0,0.0,2.0,3.0,10.09999999999999
Montana,0.0,0.0,0.0,0.0,2.0,3.0,10.09999999999999
Montana,0.0,0.0,0.0,0.0,2.0,3.0,10.09999999999999
Montana,0.0,0.0,0.0,0.0,2.0,3.0,10.09999999999999
Montana,2.0,11.0,13.0,14.0,14.0,17.0,17.0
Montana,12.0,12.0,12.0,12.0,12.0,12.0,12.0
Montana,0.0,0.0,0.0,0.0,2.0,3.0,5.0
Montana,0.0,0.0,4.0,10.0,15.0,23.0,23.0
Montana,2.0,13.0,18.249999999999996,27.499999999999996,37.0,55.8,86.0
Montana,0.0,1.0,2.0,2.0,4.749999999999992,14.0,21.0
Montana,1.0,2.0,8.0,14.0,17.0,17.0,32.0
Montana,7.9,10.0,10.0,97.0,97.0,97.0,97.0
Montana,2.0,2.0,9.0,14.0,17.0,23.0,23.0
Montana,7.95,9.0,11.0,16.0,17.0,45.0,45.0
Montana,4.0,4.0,4.0,11.0,12.0,14.0,19.0
Montana,2.0,2.0,2.0,2.0,2.0,2.0,2.0
Montana,0.0,0.0,0.0,0.0,2.0,3.0,10.09999999999999
Montana,10.0,10.0,10.0,12.0,16.0,16.0,16.0
Montana,5.0,5.0,5.0,11.0,13.0,13.0,16.0
Montana,1.0,8.600000000000003,13.0,13.0,13.0,14.0,16.0
Montana,0.0,1.0,2.0,2.0,9.0,17.0,21.0
Montana,1.0,2.0,2.0,4.0,9.0,9.0,9.0
Montana,6.0,10.0,10.0,12.0,20.0,47.0,47.0
Montana,0.0,2.0,12.0,12.0,12.0,12.4,17.0
Nebraska,2.0,9.0,12.0,16.0,66.0,76.0,150.19999999999987
Nebraska,5.0,7.0,12.0,12.0,64.99999999999977,154.0,154.0
Nebraska,7.0,7.0,10.0,20.0,32.0,32.0,34.624999999999986
Nebraska,7.0,9.0,12.0,12.0,12.0,17.0,17.0
Nebraska,7.0,7.0,9.0,10.0,20.749999999999993,27.500000000000007,37.0
Nebraska,7.0,7.0,9.0,10.999999999999995,20.749999999999993,27.500000000000007,37.0
Nebraska,7.0,9.0,12.0,12.0,12.0,17.0,17.0
Nebraska,11.475,16.0,28.0,30.0,45.74999999999999,189.90000000000006,336.0
Nebraska,2.0,2.0,8.749999999999993,17.0,17.0,17.0,17.0
Nebraska,37.6,74.0,74.0,125.0,172.0,172.0,172.0
Nebraska,12.0,13.0,16.0,19.0,25.0,38.0,105.0499999999998
Nebraska,2.0,2.0,10.0,34.0,34.0,41.0,95.0
Nebraska,5.0,5.0,5.0,5.0,11.0,28.0,39.44999999999996
Nebraska,2.0,2.0,2.0,2.0,7.0,31.0,35.0
Nebraska,1.0,5.0,11.0,131.0,131.0,139.0,139.0
Nebraska,9.0,9.0,9.0,9.0,62.0,74.0,74.0
Nebraska,10.475,12.0,12.0,12.0,16.0,16.0,49.07499999999985
Nebraska,11.0,11.0,11.0,12.0,12.0,14.0,30.0
Nebraska,1.0,10.0,10.0,10.0,112.0,112.0,112.0
Nebraska,10.0,13.0,13.0,13.0,20.0,177.90000000000003,213.0
Nebraska,5.0,10.0,15.0,15.0,27.0,79.0,106.29999999999957
Nebraska,1.0,2.8000000000000016,12.0,16.0,173.0,173.0,173.0
Nebraska,1.0,3.0,3.0,6.0,12.0,19.0,36.12499999999994
Nebraska,12.0,12.9,14.0,23.0,31.0,31.0,37.29999999999997
Nebraska,7.0,11.8,22.0,32.0,60.0,72.9,88.0
Nebraska,1.0,1.0,1.0,9.0,13.0,23.0,30.0
Nebraska,7.0,12.0,12.0,135.0,135.0,135.0,154.0
Nevada,35.0,35.0,45.0,48.0,67.0,97.0,101.0
Nevada,35.95,45.0,45.0,91.49999999999999,138.0,138.0,237.0
Nevada,27.0,34.0,43.0,53.0,67.5,101.0,101.0
Nevada,23.325,33.300000000000004,51.0,67.0,101.0,101.0,101.0
Nevada,32.0,51.0,60.0,67.0,74.0,95.0,104.1
Nevada,20.0,27.0,32.0,41.0,66.0,67.0,81.34999999999997
Nevada,23.325,33.300000000000004,51.0,67.0,101.0,101.0,101.0
Nevada,16.85,32.0,36.0,54.0,60.0,101.1,123.0
Nevada,22.0,37.0,43.0,45.0,65.0,101.0,115.39999999999996
Nevada,41.0,51.0,91.0,125.0,135.0,138.0,158.69999999999993
Nevada,45.0,65.0,66.0,86.0,117.0,117.0,139.0
Nevada,14.0,23.0,30.0,41.0,48.0,88.0,101.29999999999997
Nevada,27.0,27.0,41.0,52.0,97.0,101.1,120.14999999999999
Nevada,37.0,37.0,52.75,72.0,74.0,102.0,124.05
Nevada,25.75,40.6,54.0,65.0,81.0,95.0,101.0
Nevada,9.0,12.9,20.0,23.0,30.0,38.0,41.0
Nevada,35.0,41.0,45.0,54.0,102.0,123.0,123.0
Nevada,28.95,53.0,54.0,60.0,81.0,95.0,134.0
Nevada,31.325,45.0,45.0,54.0,74.0,95.0,102.0
Nevada,20.0,63.000000000000014,88.0,101.0,237.0,237.0,298.9499999999997
Nevada,0.0,1.9000000000000008,2.0,5.0,6.0,12.0,12.0
Nevada,24.325,35.0,53.0,67.0,91.99999999999999,101.0,104.62499999999999
Nevada,24.0,27.0,31.0,38.0,54.0,99.60000000000002,138.0
Nevada,28.95,36.9,49.0,88.0,101.0,102.0,107.0
Nevada,13.0,13.0,14.0,17.99999999999999,45.0,45.0,65.0
Nevada,31.0,31.0,41.0,41.0,125.0,237.0,237.0
Nevada,34.0,34.0,42.499999999999986,67.0,138.0,139.0,355.0
Nevada,28.0,44.6,53.0,54.0,72.0,95.0,101.52499999999999
New Hampshire,1.0,2.0,3.7499999999999987,11.0,23.0,23.0,26.674999999999944
New Hampshire,7.0,7.0,7.0,11.0,11.0,12.1,44.349999999999966
New Hampshire,0.0,0.0,0.0,0.0,2.0,3.0,10.09999999999999
New Hampshire,0.0,0.0,0.0,0.0,2.0,3.0,10.09999999999999
New Hampshire,0.0,0.0,0.0,0.0,2.0,3.0,10.09999999999999
New Hampshire,0.0,0.0,0.0,0.0,2.0,3.0,10.09999999999999
New Hampshire,0.0,0.0,0.0,0.0,2.0,3.0,10.09999999999999
New Hampshire,2.0,11.0,11.0,66.0,67.0,139.0,139.0
New Hampshire,3.0,3.0,5.0,11.0,11.0,19.000000000000032,46.0
New Hampshire,1.475,2.0,3.0,10.0,17.0,21.400000000000006,25.0
New Hampshire,1.0,2.0,11.0,11.0,16.0,97.0,97.0
New Hampshire,0.0,1.0,5.0,8.0,12.0,14.0,65.0
New Hampshire,7.0,7.0,7.0,9.0,9.0,12.0,14.624999999999988
New Hampshire,5.0,5.0,6.0,6.0,7.249999999999986,14.0,15.0
New Hampshire,1.0,1.0,5.0,11.0,13.249999999999986,48.0,131.0
New Hampshire,9.0,12.0,62.0,62.0,74.0,74.0,74.0
New Hampshire,9.0,12.0,43.0,60.0,60.0,60.0,61.574999999999996
New Hampshire,1.0,2.0,11.0,11.0,16.0,97.0,97.0
New Hampshire,1.0,9.0,9.0,15.0,15.0,31.0,84.5749999999999
New Hampshire,0.0,0.0,0.0,0.0,2.0,3.0,10.09999999999999
New Hampshire,12.475,60.0,60.0,60.0,60.0,60.0,60.0
New Hampshire,2.0,2.0,8.249999999999996,11.0,13.0,13.0,66.0
New Hampshire,5.0,5.0,5.0,5.0,11.0,28.0,39.44999999999996
New Hampshire,2.0,2.0,8.749999999999993,17.0,17.0,17.0,17.0
New Hampshire,2.0,2.0,8.249999999999996,11.0,13.0,13.0,66.0
New Hampshire,2.9000000000000004,5.0,9.0,10.0,30.0,32.0,44.67499999999998
New Hampshire,3.0,3.0,3.0,5.0,16.0,16.0,16.0
New Jersey,73.125,103.69999999999999,122.0,131.0,187.49999999999997,336.0,336.0
New Jersey,65.0,65.0,65.0,111.0,138.0,138.0,141.14999999999998
New Jersey,12.0,24.0,24.0,74.0,130.74999999999986,172.0,172.0
New Jersey,12.0,12.0,24.0,74.0,172.0,172.0,172.0
New Jersey,12.0,24.0,24.0,74.0,115.0,172.0,172.0
New Jersey,12.0,24.0,24.0,74.0,172.0,172.0,173.04999999999998
New Jersey,12.0,12.0,24.0,74.0,172.0,172.0,172.0
New Jersey,114.0,134.0,150.74999999999997,219.0,248.0,698.0,711.1249999999998
New Jersey,172.0,172.0,234.0,336.0,698.0,729.0,994.0
New Jersey,91.0,138.29999999999998,163.0,179.49999999999997,248.0,590.9000000000001,723.0
New Jersey,172.0,213.0,213.0,309.0,336.0,336.0,345.97499999999997
New Jersey,46.0,60.0,66.0,91.0,107.0,123.0,135.0
New Jersey,76.0,76.0,109.0,126.0,146.0,146.0,276.5249999999997
New Jersey,49.95,61.80000000000001,74.0,99.99999999999997,163.0,172.0,173.0
New Jersey,51.0,65.0,76.0,90.0,114.0,127.0,208.69999999999982
New Jersey,79.95,81.0,126.0,223.49999999999994,355.0,355.0,994.0
New Jersey,136.375,174.0,206.0,206.0,309.0,323.2,539.0999999999998
New Jersey,66.0,102.60000000000002,122.0,131.0,184.0,213.6,290.8749999999992
New Jersey,63.0,73.10000000000001,81.0,157.0,174.99999999999997,250.3000000000001,334.0
New Jersey,141.0,163.0,174.0,252.0,336.0,336.0,355.0
New Jersey,241.0,312.0,312.0,495.0,698.0,994.0,994.0
New Jersey,24.0,56.40000000000003,74.0,172.0,174.0,174.0,174.0
New Jersey,65.0,65.0,66.0,98.49999999999997,213.0,355.0,355.0
New Jersey,54.325,64.30000000000001,105.0,163.0,241.0,241.0,355.0
New Jersey,24.0,28.0,39.74999999999999,54.0,113.0,113.0,118.24999999999997
New Jersey,91.0,105.4,157.0,226.49999999999997,234.0,235.20000000000002,412.0
New Jersey,60.375,63.0,79.0,114.0,138.0,138.0,178.77499999999998
New Mexico,7.0,10.8,14.0,21.499999999999996,36.0,125.1,334.0
New Mexico,14.0,20.0,26.0,31.0,41.0,43.0,43.0
New Mexico,12.0,25.700000000000003,26.0,26.0,105.0,105.0,176.39999999999966
New Mexico,7.0,7.0,7.0,17.0,29.0,30.0,105.0
New Mexico,7.0,26.0,26.0,28.0,241.0,241.0,241.0
New Mexico,12.95,14.0,26.0,105.0,105.0,241.0,244.67499999999998
New Mexico,7.0,7.0,7.0,17.0,29.0,30.0,105.0
New Mexico,11.0,16.0,28.0,31.0,53.0,87.30000000000007,234.0
New Mexico,21.425,23.0,26.249999999999996,35.0,41.999999999999986,88.0,92.72499999999998
New Mexico,18.425,25.0,35.0,35.0,35.0,38.0,41.0
New Mexico,12.0,24.0,27.0,31.0,35.0,47.0,64.84999999999991
New Mexico,17.0,17.0,26.0,26.0,37.0,37.0,41.0
New Mexico,12.475,13.0,13.0,24.0,36.25,122.0,172.0
New Mexico,12.0,12.0,12.0,14.0,31.0,38.7,145.17499999999956
New Mexico,7.0,14.0,22.0,41.0,41.0,41.0,41.0
New Mexico,13.0,26.0,27.0,33.0,41.0,47.0,47.0
New Mexico,10.0,10.0,12.0,26.0,355.0,355.0,355.0
New Mexico,7.0,16.0,24.0,31.0,47.0,134.0,134.0
New Mexico,1.0,7.0,7.0,25.0,27.0,27.0,154.0
New Mexico,17.0,17.0,23.0,34.0,41.0,65.9,95.0
New Mexico,22.475,23.0,27.0,31.0,45.0,45.0,146.0
New Mexico,17.0,17.0,17.0,25.0,62.0,185.0,723.0
New Mexico,10.425,12.0,12.0,14.0,25.0,28.0,31.0
New Mexico,12.0,12.0,12.0,21.999999999999993,35.0,41.0,215.82499999999928
New Mexico,14.0,17.0,17.0,30.0,37.0,37.0,43.0
New Mexico,15.85,22.0,26.0,26.0,31.0,33.0,54.0
New Mexico,10.475,11.0,11.0,12.0,35.0,47.0,47.0
New York,49.425,65.0,69.0,90.0,114.0,172.0,237.0
New York,45.0,48.0,59.5,86.0,105.0,138.0,138.0
New York,13.0,13.0,63.0,69.99999999999997,131.0,355.0,355.0
New York,13.0,13.0,13.0,113.0,131.0,131.0,248.0
New York,13.0,58.0,58.0,81.0,131.0,241.0,241.0
New York,13.0,58.0,58.0,74.0,131.0,131.0,242.77499999999998
New York,13.0,13.0,13.0,113.0,131.0,131.0,248.0
New York,77.4,92.0,109.0,136.5,168.49999999999994,213.0,412.0
New York,90.0,92.0,115.0,172.0,197.74999999999997,336.0,994.0
New York,81.0,92.0,141.0,206.0,234.0,428.7000000000004,723.0
New York,208.275,234.0,246.0,248.0,309.0,309.0,309.0
New York,65.0,65.0,99.24999999999996,134.0,157.0,195.0,237.0
New York,12.0,12.0,21.0,23.0,48.0,48.0,48.0
New York,74.0,75.8,76.0,131.0,150.24999999999994,213.0,334.0
New York,65.0,65.0,66.0,111.5,114.0,146.0,184.0
New York,44.325,77.7,79.0,105.0,122.0,138.0,139.0
New York,16.85,23.0,25.0,41.0,88.0,88.0,88.0
New York,22.0,38.0,54.0,74.0,106.0,106.0,109.67499999999998
New York,65.0,66.0,90.0,90.0,135.75,186.90000000000003,355.0
New York,65.0,65.0,65.0,81.0,103.49999999999996,114.0,119.77499999999998
New York,0.0,0.0,0.0,0.0,2.0,3.0,10.09999999999999
New York,14.0,34.0,34.0,66.0,66.0,74.0,112.0
New York,66.0,66.0,74.0,114.0,138.0,138.0,173.0
New York,65.0,65.0,65.0,125.0,276.0,276.0,355.0
New York,69.0,81.0,81.0,100.0,185.0,276.0,355.0
New York,65.0,76.0,90.0,117.0,134.49999999999986,172.0,172.525
New York,48.0,48.0,66.0,77.49999999999999,105.0,115.0,131.82499999999996
North Carolina,66.3,91.8,111.0,173.0,195.0,334.2,451.0
North Carolina,63.0,74.0,109.0,164.49999999999997,172.0,237.0,334.0
North Carolina,76.0,114.9,144.0,185.0,185.0,185.0,213.0
North Carolina,76.0,102.10000000000002,126.0,144.0,185.0,185.0,213.0
North Carolina,66.0,126.0,185.0,185.0,334.0,334.0,335.05
North Carolina,74.0,105.0,145.5,185.0,185.0,213.0,213.0
North Carolina,76.0,102.10000000000002,126.0,144.0,185.0,185.0,213.0
North Carolina,63.0,66.60000000000001,74.0,88.0,106.0,125.0,135.0
North Carolina,41.0,48.0,88.0,107.0,125.0,138.0,172.0
North Carolina,81.0,81.0,139.0,226.49999999999997,412.0,495.0,723.0
North Carolina,48.0,66.0,74.0,76.0,105.0,115.0,138.0
North Carolina,24.85,42.800000000000004,54.0,85.99999999999997,101.0,134.0,134.0
North Carolina,173.0,235.20000000000002,276.0,334.0,336.0,412.0,412.0
North Carolina,88.0,109.0,111.0,111.0,116.0,135.0,144.0
North Carolina,47.0,51.0,81.0,100.0,135.75,154.0,173.0
North Carolina,65.0,103.7,109.0,111.0,122.0,135.0,172.0
North Carolina,46.425,51.0,63.999999999999986,97.0,117.0,117.0,117.0
North Carolina,66.0,75.8,91.0,122.0,138.0,138.0,151.77499999999992
North Carolina,49.95,63.0,66.0,74.0,105.0,135.0,135.0
North Carolina,48.0,120.60000000000002,173.0,184.0,237.0,355.0,355.0
North Carolina,20.0,20.0,20.0,20.0,54.0,86.2,123.0
North Carolina,49.0,64.5,97.0,130.49999999999997,336.0,336.0,579.0
North Carolina,48.0,48.0,76.0,114.0,172.0,172.0,172.0
North Carolina,65.0,79.0,91.0,111.5,113.0,135.3,185.0
North Carolina,65.0,65.0,65.0,90.5,106.0,106.0,117.72499999999998
North Carolina,39.225,50.5,107.0,107.0,135.0,138.0,172.0
North Carolina,66.0,81.0,105.0,178.49999999999997,312.0,312.0,312.0
North Carolina,53.0,88.0,138.0,172.0,412.0,451.0,451.0
North Carolina,46.0,63.0,90.0,129.99999999999997,135.0,139.0,172.0
North Dakota,1.0,1.0,2.0,7.499999999999997,8.0,8.0,12.524999999999997
North Dakota,1.0,2.900000000000001,3.0,3.0,3.0,7.0,8.0
North Dakota,0.0,0.0,0.0,0.0,2.0,3.0,10.09999999999999
North Dakota,0.0,0.0,0.0,0.0,2.0,3.0,10.09999999999999
North Dakota,0.0,0.0,0.0,0.0,2.0,3.0,10.09999999999999
North Dakota,0.0,0.0,0.0,0.0,2.0,3.0,10.09999999999999
North Dakota,0.0,0.0,0.0,0.0,2.0,3.0,10.09999999999999
North Dakota,1.0,1.0,2.0,5.0,12.749999999999991,16.0,26.674999999999983
North Dakota,1.425,3.0,3.0,20.0,20.0,97.0,97.0
North Dakota,0.0,0.0,0.0,1.0,5.249999999999997,8.3,12.524999999999991
North Dakota,11.0,12.0,12.0,14.0,16.0,17.0,17.0
North Dakota,1.0,2.0,2.0,2.0,2.0,16.0,37.0
North Dakota,2.0,5.0,7.0,12.0,14.0,16.0,17.0
North Dakota,0.0,1.0,1.0,1.4999999999999973,3.0,12.0,30.0
North Dakota,0.0,1.0,2.0,4.0,31.0,45.0,45.0
North Dakota,0.0,0.9000000000000007,1.0,2.0,5.0,23.0,31.0
North Dakota,2.0,2.0,2.0,6.0,7.0,12.0,12.0
North Dakota,0.0,1.8000000000000014,2.0,16.0,21.0,48.0,101.0
North Dakota,0.0,0.9000000000000007,1.0,2.0,5.0,23.0,31.0
North Dakota,5.0,5.0,5.0,5.0,11.0,23.0,23.0
North Dakota,0.0,0.9000000000000007,1.0,2.0,5.0,23.0,31.0
North Dakota,0.0,1.0,1.0,5.0,5.0,17.0,54.54999999999995
North Dakota,6.95,8.0,8.0,23.0,23.0,23.0,23.0
North Dakota,2.0,5.0,9.749999999999998,20.499999999999975,76.0,76.0,123.0
North Dakota,0.0,0.0,0.0,16.0,17.0,17.0,17.0
North Dakota,0.0,1.0,2.0,4.0,31.0,45.0,45.0
Northern Mariana Islands,0.0,0.0,0.0,0.0,2.0,3.0,10.09999999999999
Northern Mariana Islands,0.0,0.0,0.0,0.0,2.0,3.0,10.09999999999999
Northern Mariana Islands,0.0,0.0,0.0,0.0,2.0,3.0,10.09999999999999
Northern Mariana Islands,0.0,0.0,0.0,0.0,2.0,3.0,10.09999999999999
Northern Mariana Islands,0.0,0.0,0.0,0.0,2.0,3.0,10.09999999999999
Ohio,31.025,65.0,88.0,123.0,138.0,144.0,237.0
Ohio,76.0,81.0,88.0,111.0,131.0,184.0,418.52499999999964
Ohio,65.475,90.0,118.74999999999999,138.0,163.0,234.0,994.0
Ohio,66.0,66.0,66.0,92.0,139.99999999999997,234.0,994.0
Ohio,65.0,65.0,66.0,138.0,213.0,355.0,994.0
Ohio,66.0,66.0,90.0,92.0,97.49999999999994,138.0,194.4749999999999
Ohio,66.0,66.0,66.0,92.0,139.99999999999997,234.0,994.0
Ohio,72.325,76.0,109.0,122.0,138.0,138.0,138.0
Ohio,65.475,91.9,122.0,276.0,355.0,355.0,355.0
Ohio,26.75,32.0,60.0,66.0,123.5,729.0,729.0
Ohio,65.0,65.0,81.0,157.0,157.0,157.0,257.4749999999999
Ohio,46.0,76.0,100.0,114.0,135.0,172.0,185.0
Ohio,63.0,65.0,114.0,131.0,174.0,355.0,355.0
Ohio,81.0,110.4,114.0,134.0,355.0,658.2,723.0
Ohio,65.0,74.0,81.0,92.0,126.0,148.8,184.525
Ohio,138.0,141.0,189.49999999999997,246.0,334.0,412.0,412.0
Ohio,37.0,37.0,41.0,41.0,112.0,135.0,172.0
Ohio,21.0,21.0,21.0,60.0,60.0,101.50000000000001,120.24999999999997
Ohio,55.125,65.0,81.0,108.0,138.0,184.0,276.0
Ohio,31.025,51.0,56.99999999999999,60.0,86.0,117.0,138.0
Ohio,163.025,185.0,206.0,213.0,246.0,336.0,495.0
Ohio,65.0,92.0,126.0,157.0,234.0,276.0,276.0
Ohio,66.0,111.0,137.0,184.0,355.0,360.70000000000005,412.0
Ohio,59.4,109.10000000000001,111.0,184.0,276.0,276.0,276.0
Ohio,22.95,73.30000000000001,97.0,117.0,174.0,336.0,336.0
Ohio,92.0,106.0,126.0,135.0,184.25,336.0,336.0
Ohio,69.0,91.0,109.0,109.0,114.0,144.2,234.0
Ohio,51.0,68.39999999999999,88.0,100.0,125.0,172.0,451.0
Oklahoma,12.0,14.0,22.75,24.0,25.0,26.0,32.0
Oklahoma,14.0,20.0,20.0,35.0,45.0,88.0,91.0
Oklahoma,21.0,24.0,31.0,35.0,46.0,60.0,66.0
Oklahoma,21.0,23.900000000000002,31.0,35.0,52.0,66.0,84.67499999999998
Oklahoma,21.0,36.0,48.999999999999986,86.0,97.0,101.0,117.0
Oklahoma,24.475,35.0,37.0,60.0,66.0,81.0,95.0
Oklahoma,21.0,23.900000000000002,31.0,35.0,52.0,66.0,84.67499999999998
Oklahoma,14.475,24.6,31.0,38.0,46.0,47.0,47.0
Oklahoma,12.0,12.0,12.0,23.0,31.0,43.0,60.0
Oklahoma,10.0,12.0,13.0,17.0,27.0,81.0,88.0
Oklahoma,14.0,20.900000000000002,45.0,54.0,54.0,60.0,101.52499999999999
Oklahoma,7.0,14.0,17.0,22.0,37.0,334.0,334.0
Oklahoma,1.0,2.8000000000000016,12.0,16.0,173.0,173.0,173.0
Oklahoma,1.0,1.0,14.0,22.499999999999993,47.0,47.70000000000001,75.64999999999993
Oklahoma,12.0,14.0,29.0,29.0,30.0,30.1,47.0
Oklahoma,30.0,31.0,47.0,47.0,47.0,62.0,62.0
Oklahoma,12.0,12.0,17.0,30.0,37.0,47.0,47.0
Oklahoma,12.95,24.0,24.0,26.0,33.0,38.3,74.34999999999988
Oklahoma,7.0,7.0,10.0,12.499999999999991,31.0,51.0,51.0
Oklahoma,0.0,0.0,0.0,0.0,7.0,7.0,12.0
Oklahoma,12.0,12.0,23.0,28.0,48.0,248.0,248.0
Oklahoma,12.475,14.0,24.0,32.999999999999986,172.0,172.0,336.0
Oklahoma,1.0,1.0,16.0,21.0,36.499999999999986,47.0,54.874999999999964
Oklahoma,31.0,37.0,37.0,102.0,138.0,172.0,237.0
Oklahoma,11.0,13.0,34.24999999999999,45.0,45.0,88.3,125.0
Oklahoma,20.0,20.0,25.75,30.0,31.0,43.0,60.0
Oregon,10.425,17.0,22.0,102.0,185.0,185.0,334.0
Oregon,12.0,12.0,14.0,30.0,37.25,48.30000000000001,105.04999999999933
Oregon,5.0,5.0,5.0,11.0,12.0,43.0,43.0
Oregon,5.0,5.0,11.0,12.0,13.0,16.0,43.0
Oregon,5.0,5.0,5.0,12.0,12.0,43.0,43.0
Oregon,5.0,5.0,5.0,12.0,12.0,43.0,43.0
Oregon,5.0,5.0,11.0,12.0,13.0,16.0,43.0
Oregon,12.95,16.0,18.499999999999996,27.499999999999986,47.0,144.0,185.0
Oregon,12.0,12.0,17.0,30.0,47.0,47.0,47.0
Oregon,5.275,11.8,25.0,138.0,138.0,138.0,138.0
Oregon,14.475,25.0,25.0,25.0,62.0,88.0,104.64999999999993
Oregon,11.0,11.0,16.0,32.0,35.0,35.0,47.0
Oregon,12.0,12.0,13.0,29.0,30.0,47.0,115.0
Oregon,11.0,11.0,12.0,16.0,31.0,234.0,234.0
Oregon,12.0,13.0,16.0,21.0,144.0,144.0,210.72499999999988
Oregon,16.0,16.0,16.0,19.0,19.0,29.1,185.0
Oregon,13.0,13.0,13.0,18.99999999999999,30.0,37.0,53.92499999999986
Oregon,10.0,12.9,23.75,32.0,62.0,62.0,62.0
Oregon,7.0,10.600000000000003,12.0,14.999999999999995,20.0,30.0,30.0
Oregon,12.0,14.0,24.0,24.499999999999996,29.0,37.0,114.0
Oregon,11.9,16.0,21.75,25.0,32.0,35.2,45.0
Oregon,14.0,20.0,25.249999999999996,30.0,37.0,38.0,38.0
Oregon,7.0,7.0,30.0,31.0,31.0,47.0,62.0
Oregon,12.0,17.0,20.0,25.0,65.0,65.0,86.77499999999998
Oregon,13.475,24.700000000000003,25.0,32.5,38.74999999999999,46.0,57.02499999999983
Oregon,7.0,14.0,16.0,17.0,31.0,47.0,185.0
Pennsylvania,46.0,46.0,63.0,91.0,135.75,172.0,178.82499999999996
Pennsylvania,67.0,67.0,81.0,109.49999999999999,139.0,139.0,172.0
Pennsylvania,65.0,79.0,105.0,114.0,144.0,144.0,336.0
Pennsylvania,48.0,48.0,79.0,109.0,132.74999999999997,144.0,249.54999999999956
Pennsylvania,48.0,65.0,65.0,91.99999999999993,105.0,163.0,174.0
Pennsylvania,48.0,79.0,105.0,105.0,114.0,144.0,144.0
Pennsylvania,48.0,48.0,79.0,109.0,132.74999999999997,144.0,249.54999999999956
Pennsylvania,74.0,108.69999999999999,122.0,172.0,234.0,237.0,334.0
Pennsylvania,34.0,34.0,34.0,100.0,102.0,138.0,138.0
Pennsylvania,65.0,65.0,65.0,110.0,134.0,149.80000000000004,300.84999999999974
Pennsylvania,65.475,75.8,100.0,112.0,173.0,173.0,173.0
Pennsylvania,63.0,101.8,116.0,116.0,122.0,135.0,144.0
Pennsylvania,48.0,65.0,77.49999999999999,92.0,122.0,184.0,355.0
Pennsylvania,65.0,65.0,65.0,75.0,114.0,163.0,172.0
Pennsylvania,48.375,63.0,90.0,109.0,135.0,138.0,185.0
Pennsylvania,65.0,66.0,66.0,77.99999999999993,142.25,174.10000000000002,355.0
Pennsylvania,134.0,139.0,139.0,174.0,495.0,495.0,698.0
Pennsylvania,48.0,48.0,51.0,84.49999999999999,135.0,172.0,172.0
Pennsylvania,63.0,69.0,74.0,88.0,106.0,112.1,172.0
Pennsylvania,48.0,48.0,48.0,69.99999999999997,101.24999999999999,114.0,125.0
Pennsylvania,63.0,76.0,103.75,135.0,139.0,139.0,172.0
Pennsylvania,48.0,48.0,51.0,76.0,116.0,135.0,172.0
Pennsylvania,46.0,48.0,49.0,102.99999999999999,135.75,172.0,172.0
Pennsylvania,65.0,65.0,65.0,122.0,125.0,184.0,317.4749999999998
Pennsylvania,55.275,74.0,74.0,154.0,355.0,355.0,355.0
Pennsylvania,69.0,81.0,81.0,115.0,148.74999999999991,213.0,355.0
Pennsylvania,81.0,81.0,172.0,237.0,237.0,334.0,412.0
Pennsylvania,46.95,63.0,89.5,113.0,139.0,185.0,274.2499999999996
Puerto Rico,2.0,6.0,12.749999999999998,25.0,27.0,27.0,48.0
Puerto Rico,7.0,7.0,7.0,7.0,19.0,51.0,51.0
Puerto Rico,0.0,0.0,0.0,0.0,2.0,3.0,10.09999999999999
Puerto Rico,7.0,10.0,14.0,16.0,19.0,31.0,31.0
Puerto Rico,2.0,3.0,5.0,12.0,15.0,17.0,45.0
Puerto Rico,1.0,1.0,4.2499999999999964,9.0,15.249999999999996,19.0,46.574999999999996
Puerto Rico,6.0,6.0,7.0,9.0,47.0,86.0,86.0
Puerto Rico,2.0,2.0,5.0,6.0,14.0,14.0,17.0
Puerto Rico,9.0,9.0,12.0,12.0,13.749999999999991,19.0,30.0
Puerto Rico,2.0,2.0,2.0,2.0,3.0,16.1,97.0
Rhode Island,2.0,2.0,7.0,16.0,76.0,123.0,123.0
Rhode Island,1.0,7.0,7.0,12.0,23.0,28.0,98.42499999999973
Rhode Island,1.0,1.0,1.0,10.0,23.0,28.0,163.0
Rhode Island,7.0,7.0,7.0,14.0,29.0,65.0,163.0
Rhode Island,7.0,7.0,13.499999999999996,29.0,29.0,29.0,163.0
Rhode Island,7.0,7.0,7.0,14.0,29.0,65.0,163.0
Rhode Island,7.0,7.0,7.0,14.0,29.0,65.0,163.0
Rhode Island,10.95,14.0,14.0,14.0,16.249999999999975,31.0,31.0
Rhode Island,5.0,7.0,7.0,9.0,12.0,17.0,25.0
Rhode Island,23.0,23.0,23.0,48.0,95.0,117.0,172.0
Rhode Island,0.0,0.0,0.0,0.0,1.0,3.0,9.09999999999999
Rhode Island,5.0,5.0,7.0,11.0,17.0,18.00000000000001,54.0
Rhode Island,8.425,12.0,12.0,28.0,48.74999999999998,355.0,355.0
Rhode Island,5.475,6.0,7.0,10.0,13.0,13.0,21.0
Rhode Island,5.0,10.0,10.0,10.0,10.249999999999996,79.0,79.0
Rhode Island,14.0,26.0,34.5,60.0,95.0,95.0,109.87499999999996
Rhode Island,9.0,9.0,12.0,12.0,12.0,17.0,35.29999999999997
Rhode Island,9.0,11.0,12.0,13.0,13.0,14.0,18.724999999999927
Rhode Island,7.0,9.0,9.0,9.0,9.0,12.0,12.0
Rhode Island,31.0,37.0,37.0,48.0,70.24999999999999,112.0,138.0
Rhode Island,2.0,2.0,6.0,8.499999999999991,13.0,15.0,17.0
Rhode Island,2.0,2.0,7.0,12.0,16.0,27.300000000000004,123.0
Rhode Island,1.0,4.600000000000003,9.0,11.0,30.749999999999936,79.0,131.0
Rhode Island,7.0,7.0,7.0,12.499999999999996,32.24999999999994,79.0,79.0
Rhode Island,7.0,7.0,10.0,12.499999999999991,31.0,51.0,51.0
Rhode Island,9.0,9.0,12.0,29.0,29.0,91.0,116.1999999999996
Rhode Island,2.0,7.0,7.0,15.0,16.0,21.0,99.72499999999988
South Carolina,79.0,79.0,104.74999999999997,173.0,195.0,237.0,307.49999999999983
South Carolina,76.275,109.0,138.0,138.0,157.0,276.0,276.0
South Carolina,66.0,66.0,136.25,174.0,185.0,334.0,334.0
South Carolina,66.0,74.0,146.0,185.0,185.0,334.0,334.0
South Carolina,141.0,141.0,213.0,213.0,334.0,355.0,355.0
South Carolina,65.0,66.0,141.0,167.49999999999997,213.0,334.0,334.0
South Carolina,66.0,74.0,146.0,185.0,185.0,334.0,334.0
South Carolina,48.0,66.0,81.0,111.0,125.0,141.5,178.77499999999992
South Carolina,65.0,65.0,66.0,114.0,144.0,172.1,276.0
South Carolina,69.0,81.0,92.0,109.0,128.24999999999997,237.0,276.0
South Carolina,35.75,49.0,63.0,72.0,113.0,163.0,172.0
South Carolina,134.0,134.0,139.0,139.0,334.0,412.0,412.0
South Carolina,66.0,219.0,234.0,234.0,412.0,495.0,495.0
South Carolina,74.0,81.0,92.0,138.5,195.0,355.0,495.0
South Carolina,81.0,81.0,121.24999999999997,139.0,185.0,234.0,548.1999999999991
South Carolina,62.85,74.0,109.0,117.0,138.0,138.0,155.8499999999997
South Carolina,88.0,107.0,107.0,138.0,234.0,355.0,355.0
South Carolina,76.0,106.0,138.0,234.0,237.0,334.0,336.0
South Carolina,134.0,195.0,237.0,237.0,336.0,337.9,711.1249999999999
South Carolina,81.0,91.60000000000001,92.0,134.5,174.0,276.0,412.0
South Carolina,65.0,65.0,72.0,88.0,100.0,123.0,125.0
South Carolina,81.0,88.0,107.0,146.0,234.0,281.80000000000007,336.0
South Carolina,92.0,92.0,126.0,195.0,312.0,412.0,579.0
South Carolina,81.0,88.0,134.0,183.99999999999994,246.7499999999999,336.0,336.0
South Carolina,69.0,111.30000000000001,173.24999999999994,276.0,276.0,412.0,723.0
South Carolina,81.0,81.0,163.0,163.0,248.0,279.6,412.0
South Carolina,97.975,136.20000000000002,172.0,184.0,237.0,276.0,334.0
South Dakota,0.0,3.0,5.749999999999998,11.0,16.0,17.0,46.0
South Dakota,2.0,2.0,2.0,20.0,28.0,28.0,28.0
South Dakota,0.0,0.0,0.0,0.0,2.0,3.0,10.09999999999999
South Dakota,0.0,0.0,0.0,0.0,2.0,3.0,10.09999999999999
South Dakota,0.0,0.0,0.0,0.0,2.0,3.0,10.09999999999999
South Dakota,0.0,0.0,0.0,0.0,2.0,3.0,10.09999999999999
South Dakota,0.0,0.0,0.0,0.0,2.0,3.0,10.09999999999999
South Dakota,3.425,5.0,5.0,7.0,7.0,7.0,12.0
South Dakota,3.0,3.0,5.0,11.0,11.0,19.000000000000032,46.0
South Dakota,12.0,12.0,12.0,138.0,184.0,184.0,184.0
South Dakota,2.0,4.0,12.0,12.0,16.0,19.4,125.0
South Dakota,12.0,12.0,12.0,138.0,184.0,184.0,184.0
South Dakota,11.0,11.0,11.0,11.0,30.0,30.0,30.0
South Dakota,2.0,12.0,12.0,28.0,48.0,48.0,48.0
South Dakota,2.475,10.9,11.0,11.0,13.0,13.0,13.0
South Dakota,3.0,3.0,3.0,3.0,6.0,6.0,9.149999999999984
South Dakota,12.0,66.0,67.0,67.0,67.0,125.0,172.0
South Dakota,3.0,7.0,16.0,65.0,116.0,116.0,116.0
South Dakota,3.0,3.0,3.0,3.0,6.0,6.0,9.149999999999984
South Dakota,1.0,3.0,9.0,16.0,16.0,16.0,18.62499999999999
South Dakota,5.0,5.0,5.0,5.0,17.0,21.0,79.0
South Dakota,1.0,3.0,11.0,11.0,32.0,97.0,97.0
South Dakota,2.0,2.0,2.0,10.0,41.0,41.0,41.0
South Dakota,2.0,6.0,6.0,14.0,17.0,17.0,20.149999999999984
South Dakota,23.0,24.0,31.0,47.0,336.0,336.0,336.0
South Dakota,1.0,9.0,9.0,12.0,19.0,20.0,27.0
South Dakota,2.0,2.0,2.0,10.0,41.0,41.0,41.0
Tennessee,44.325,51.0,84.99999999999999,117.99999999999997,138.0,172.0,237.0
Tennessee,53.0,72.0,106.0,172.0,184.0,237.0,317.4749999999998
Tennessee,85.275,90.0,111.0,114.0,141.0,147.10000000000002,651.0
Tennessee,81.0,92.0,112.0,134.0,144.0,237.0,355.0
Tennessee,65.0,81.0,92.0,111.0,168.24999999999994,355.0,723.0
Tennessee,81.0,89.8,105.0,114.0,127.24999999999997,237.0,355.0
Tennessee,81.0,92.0,112.0,134.0,144.0,237.0,355.0
Tennessee,34.0,51.0,51.0,53.0,100.0,100.0,102.0
Tennessee,67.0,67.0,88.0,100.0,138.0,172.0,172.0
Tennessee,48.0,63.0,76.0,106.0,138.0,139.0,185.0
Tennessee,45.0,68.60000000000001,88.0,91.0,115.49999999999997,123.0,124.05
Tennessee,48.0,66.0,81.0,106.0,146.0,184.0,184.0
Tennessee,63.0,69.0,81.0,90.0,106.0,127.20000000000002,274.2499999999996
Tennessee,41.0,41.0,58.0,66.0,138.0,154.0,154.0
Tennessee,63.95,88.0,108.5,138.0,157.0,412.0,412.0
Tennessee,48.0,48.0,48.0,63.0,112.0,125.0,138.525
Tennessee,63.95,74.0,84.75,100.0,116.0,125.0,136.575
Tennessee,41.0,41.0,50.5,72.0,88.0,88.0,112.07499999999995
Tennessee,51.0,51.0,88.0,88.0,100.0,113.0,129.29999999999998
Tennessee,20.0,32.0,42.249999999999986,74.0,95.0,125.0,125.0
Tennessee,2.0,10.0,15.499999999999996,66.0,66.0,66.0,66.0
Tennessee,41.0,49.0,49.0,76.0,114.25,135.0,172.0
Tennessee,22.0,41.0,59.999999999999986,112.0,116.0,138.0,156.37499999999991
Tennessee,51.0,51.0,63.0,69.0,137.4999999999999,184.0,184.0
Tennessee,35.0,54.0,62.0,62.0,90.99999999999997,107.0,138.0
Tennessee,63.95,84.80000000000001,92.0,109.0,122.74999999999999,172.0,451.0
Tennessee,56.675,81.0,81.0,141.0,242.25,451.0,451.0
Tennessee,22.0,48.0,63.0,125.0,138.0,172.0,174.0
Texas,174.0,174.0,355.0,651.0,698.0,729.0,994.0
Texas,396.0,396.0,396.0,651.0,704.2499999999999,729.0,729.0
Texas,172.0,172.0,172.0,174.0,174.0,698.0,853.3999999999993
Texas,172.0,172.0,172.0,174.0,396.0,651.0,698.0
Texas,172.0,172.0,172.0,174.0,651.0,655.7,868.1249999999993
Texas,172.0,172.0,172.0,174.0,651.0,655.7,698.0
Texas,172.0,172.0,172.0,174.0,396.0,651.0,698.0
Texas,396.0,429.3,686.2499999999999,723.0,994.0,994.0,994.0
Texas,451.0,495.0,651.0,651.0,698.0,698.0,729.0
Texas,422.125,698.0,698.0,729.0,729.0,729.0,729.0
Texas,355.0,396.0,423.74999999999994,451.0,698.0,700.5,729.0
Texas,241.0,241.0,241.0,312.0,412.0,412.0,495.0
Texas,309.0,396.0,651.0,651.0,994.0,994.0,994.0
Texas,355.0,391.90000000000003,651.0,651.0,651.0,698.0,729.0
Texas,194.975,244.8,246.0,322.49999999999994,336.0,336.0,336.0
Texas,355.0,495.0,651.0,651.0,698.0,729.0,729.0
Texas,374.475,396.0,446.5,651.0,698.0,729.0,729.0
Texas,471.9,495.0,651.0,651.0,651.0,698.0,729.0
Texas,243.375,276.0,495.0,495.0,662.7499999999999,994.0,994.0
Texas,23.0,23.0,24.0,34.0,54.74999999999998,115.0,152.17499999999984
Texas,295.15,495.0,651.0,651.0,651.0,698.0,729.0
Texas,172.0,172.0,172.0,172.0,487.49999999999943,651.0,868.1249999999993
Texas,355.0,651.0,698.0,698.0,698.0,729.0,868.1249999999993
Texas,241.0,241.0,241.0,312.0,412.0,412.0,495.0
Texas,234.0,246.0,276.0,312.0,412.0,495.0,601.5749999999995
Texas,241.0,241.0,241.0,312.0,412.0,495.0,495.0
Texas,174.0,445.5,651.0,698.0,729.0,729.0,994.0
Utah,2.0,9.0,12.0,37.0,53.0,86.0,185.0
Utah,16.0,16.0,31.0,36.0,46.0,60.0,67.0
Utah,14.0,20.0,25.249999999999996,30.0,37.0,38.0,38.0
Utah,12.0,17.0,23.0,28.0,37.0,38.9,355.0
Utah,12.0,12.0,21.0,28.0,38.0,48.0,355.0
Utah,7.0,12.0,17.0,22.0,28.0,38.0,355.0
Utah,12.0,17.0,23.0,28.0,37.0,38.9,355.0
Utah,13.0,27.0,27.0,38.999999999999986,41.0,45.2,698.0
Utah,21.0,21.0,32.0,38.0,38.0,41.400000000000006,54.0
Utah,11.0,12.0,12.0,17.0,30.0,31.600000000000005,141.0
Utah,23.0,27.0,35.0,45.0,60.0,67.0,91.0
Utah,1.0,21.0,28.499999999999996,38.0,62.0,62.0,81.34999999999988
Utah,12.0,12.0,12.0,12.0,22.0,30.0,33.574999999999996
Utah,11.0,11.0,12.0,16.0,25.0,47.0,92.67499999999978
Utah,5.0,5.0,5.0,9.0,10.0,32.0,37.0
Utah,17.0,17.0,17.0,23.0,38.0,723.0,723.0
Utah,14.95,23.900000000000002,31.0,32.0,35.0,45.0,47.0
Utah,6.2250000000000005,12.0,21.0,31.0,47.0,62.0,152.29999999999959
Utah,5.0,5.0,5.0,9.499999999999986,12.0,12.0,12.0
Utah,0.0,0.0,0.0,0.0,2.0,3.0,10.09999999999999
Utah,12.0,15.8,17.0,25.0,37.0,37.0,62.0
Utah,14.95,22.0,24.75,30.0,30.0,41.0,144.0
Utah,14.0,20.0,25.0,27.99999999999999,31.0,31.0,43.0
Utah,10.0,11.0,12.0,14.0,53.0,88.0,134.0
Utah,20.0,25.0,31.0,62.0,62.0,88.0,88.0
Utah,14.425,22.900000000000002,25.0,34.0,47.0,92.0,92.0
Utah,12.0,30.900000000000002,32.0,35.0,62.0,495.0,579.0
Vermont,0.0,0.0,0.0,1.0,2.0,6.0,6.0
Vermont,0.0,0.0,0.0,2.0,2.0,9.0,9.0
Vermont,0.0,0.0,0.0,0.0,2.0,3.0,10.09999999999999
Vermont,0.0,0.0,0.0,0.0,2.0,3.0,10.09999999999999
Vermont,0.0,0.0,0.0,0.0,2.0,3.0,10.09999999999999
Vermont,0.0,0.0,0.0,0.0,2.0,3.0,10.09999999999999
Vermont,0.0,0.0,0.0,0.0,2.0,3.0,10.09999999999999
Vermont,0.0,0.0,0.0,3.499999999999992,5.0,6.0,6.0
Vermont,0.0,0.0,0.0,0.0,2.0,3.0,10.09999999999999
Vermont,0.0,0.0,0.0,0.0,2.0,3.0,10.09999999999999
Vermont,0.0,0.0,0.0,1.0,5.249999999999997,8.3,12.524999999999991
Vermont,0.0,0.0,0.0,0.0,2.0,3.0,10.09999999999999
Vermont,0.0,0.0,0.0,0.0,2.0,3.0,10.09999999999999
Vermont,0.0,0.0,0.0,0.0,2.0,3.0,10.09999999999999
Vermont,0.0,0.0,0.0,0.0,2.0,3.0,10.09999999999999
Vermont,0.0,0.0,0.0,1.0,5.249999999999997,8.3,12.524999999999991
Vermont,0.0,0.0,0.0,0.0,2.0,3.0,10.09999999999999
Vermont,0.0,0.0,0.0,0.0,2.0,3.0,10.09999999999999
Vermont,0.0,0.0,0.0,0.0,2.0,3.0,10.09999999999999
Vermont,0.0,0.0,0.0,0.0,2.0,3.0,10.09999999999999
Vermont,0.0,0.0,0.0,0.0,2.0,3.0,10.09999999999999
Vermont,0.0,0.0,0.0,0.0,2.0,3.0,10.09999999999999
Vermont,0.0,0.0,0.0,0.0,2.0,3.0,10.09999999999999
Vermont,0.0,1.0,1.0,3.0,6.0,10.0,21.0
Vermont,0.0,0.0,0.0,0.0,2.0,3.0,10.09999999999999
Vermont,0.0,0.0,0.0,3.499999999999992,5.0,6.0,6.0
Virgin Islands,0.0,0.0,0.0,0.0,2.0,3.0,10.09999999999999
Virgin Islands,0.0,1.0,2.0,2.0,2.0,5.0,7.574999999999992
Virgin Islands,0.0,0.0,0.0,0.0,2.0,3.0,10.09999999999999
Virgin Islands,0.0,0.0,0.0,0.0,2.0,3.0,10.09999999999999
Virgin Islands,0.0,1.0,1.0,2.0,2.0,10.0,10.0
Virgin Islands,0.0,0.0,0.0,0.0,2.0,3.0,10.09999999999999
Virginia,41.0,61.60000000000001,72.0,101.0,107.0,123.0,173.0
Virginia,27.0,27.0,27.0,33.999999999999986,66.25,101.0,101.0
Virginia,5.0,5.0,28.0,28.0,35.0,35.0,48.0
Virginia,5.0,12.0,34.0,38.0,46.0,60.0,184.0
Virginia,5.0,5.0,5.0,35.0,41.0,60.0,106.44999999999996
Virginia,5.0,5.0,34.0,38.0,50.999999999999964,60.0,184.0
Virginia,5.0,12.0,34.0,38.0,46.0,60.0,184.0
Virginia,48.0,48.0,49.0,69.0,112.5,138.0,172.0
Virginia,20.0,37.6,66.75,102.0,241.0,396.0,396.0
Virginia,48.0,48.0,81.0,92.0,136.0,172.0,227.07499999999976
Virginia,24.0,60.0,66.0,95.0,125.0,163.0,163.0
Virginia,69.275,109.4,120.49999999999999,125.0,172.0,195.0,334.0
Virginia,48.0,69.0,106.0,122.0,146.0,173.0,184.0
Virginia,48.0,51.0,60.0,80.0,135.0,138.1,173.0
Virginia,28.0,33.800000000000004,48.0,81.0,91.99999999999999,107.0,134.0
Virginia,58.0,74.0,96.49999999999999,111.0,114.0,117.0,156.37499999999991
Virginia,48.0,63.0,125.0,159.49999999999991,184.0,237.0,257.4749999999999
Virginia,44.325,48.0,65.0,97.0,106.99999999999997,117.0,117.0
Virginia,33.9,41.0,65.24999999999999,101.0,116.0,123.0,123.0
Virginia,23.0,34.0,34.0,41.0,74.0,113.0,113.0
Virginia,17.8,22.0,35.5,58.0,72.5,97.0,125.0
Virginia,14.0,36.0,47.0,101.0,109.24999999999997,123.0,173.0
Virginia,14.0,22.0,27.0,45.0,60.0,86.0,99.62499999999996
Virginia,20.0,41.0,71.74999999999999,135.0,138.0,138.0,174.0
Virginia,22.95,28.0,32.0,48.0,74.0,100.0,100.0
Virginia,30.0,64.7,88.0,141.99999999999997,334.0,336.0,336.0
Virginia,45.0,49.0,66.0,107.0,123.5,237.0,237.0
Virginia,24.425,27.0,35.5,46.0,63.0,65.0,85.02499999999995
Washington,27.0,32.0,53.0,69.0,110.99999999999997,117.0,117.0
Washington,26.75,40.400000000000006,45.0,53.0,67.0,69.0,88.34999999999997
Washington,21.0,21.0,33.0,36.0,41.0,41.4,56.77499999999998
Washington,21.0,21.0,24.0,27.0,41.0,41.0,52.0
Washington,16.325,21.0,23.0,32.49999999999999,35.0,52.0,65.0
Washington,16.85,21.0,29.249999999999996,30.0,41.0,41.0,45.0
Washington,21.0,21.0,24.0,27.0,41.0,41.0,52.0
Washington,28.0,34.0,48.0,81.0,102.0,123.0,396.0
Washington,20.0,20.0,25.0,37.0,67.0,67.0,77.67499999999998
Washington,32.95,35.0,53.0,67.0,101.0,101.0,109.0
Washington,17.275,22.0,72.0,86.0,86.0,99.00000000000003,117.0
Washington,42.9,67.0,67.0,73.0,101.0,125.0,138.0
Washington,25.0,25.0,27.0,33.0,38.0,60.0,67.0
Washington,24.0,30.0,34.0,35.5,36.0,44.70000000000002,97.0
Washington,30.8,35.0,51.0,69.0,97.0,101.0,104.62499999999999
Washington,20.475,22.0,39.24999999999999,49.0,95.0,123.0,134.0
Washington,22.0,36.0,54.0,65.0,81.0,95.0,134.0
Washington,21.0,23.0,30.0,35.0,51.0,51.0,65.0
Washington,14.0,21.0,23.0,45.0,54.0,88.0,107.0
Washington,7.0,7.0,24.0,26.0,33.25,41.0,698.0
Washington,65.0,65.0,87.74999999999999,116.0,137.74999999999997,146.0,298.9499999999997
Washington,23.0,41.0,41.0,46.0,67.0,79.0,99.1
Washington,4.475,9.0,9.0,11.0,16.0,16.0,17.0
Washington,21.0,35.0,37.0,46.0,69.0,117.0,117.0
Washington,12.0,12.0,14.0,29.0,47.0,47.0,82.17499999999984
Washington,25.225,41.0,48.0,52.0,65.0,102.0,119.67499999999998
Washington,35.0,48.0,60.0,69.0,97.0,101.1,108.05
Washington,3.85,13.500000000000004,23.0,31.0,47.0,62.0,62.0
West Virginia,2.0,2.0,2.0,2.0,2.0,8.0,8.0
West Virginia,2.0,6.0,13.249999999999996,17.0,23.0,23.0,31.0
West Virginia,0.0,0.0,0.0,0.0,2.0,3.0,10.09999999999999
West Virginia,0.0,0.0,0.0,0.0,2.0,3.0,10.09999999999999
West Virginia,0.0,0.0,0.0,0.0,2.0,3.0,10.09999999999999
West Virginia,0.0,0.0,0.0,0.0,2.0,3.0,10.09999999999999
West Virginia,0.0,0.0,0.0,0.0,2.0,3.0,10.09999999999999
West Virginia,0.0,1.0,2.0,2.0,9.0,17.0,21.0
West Virginia,0.0,0.0,0.0,0.0,2.0,3.0,10.09999999999999
West Virginia,0.0,1.0,2.0,2.0,2.0,3.0,107.0
West Virginia,4.0,4.0,8.249999999999996,45.0,45.0,45.0,45.0
West Virginia,1.0,1.0,1.0,2.0,3.0,7.0,31.0
West Virginia,0.0,1.0,2.0,2.0,21.0,23.0,107.0
West Virginia,0.0,0.0,0.0,1.0,2.0,7.0,12.0
West Virginia,0.0,1.0,2.0,4.0,31.0,45.0,45.0
West Virginia,2.0,2.0,3.0,35.0,35.0,35.0,35.0
West Virginia,2.0,2.0,2.0,5.0,7.0,26.0,30.0
West Virginia,1.0,8.0,22.0,30.0,30.0,30.0,30.0
West Virginia,0.0,0.0,0.0,0.0,2.0,3.0,10.09999999999999
West Virginia,0.0,0.0,1.0,2.0,5.0,9.0,11.0
West Virginia,1.0,2.0,3.0,5.0,23.0,37.0,62.0
West Virginia,1.0,2.0,7.0,7.0,7.0,7.0,8.574999999999992
West Virginia,2.0,2.0,2.0,2.0,2.0,2.0,2.0
West Virginia,2.0,2.0,4.0,4.0,8.249999999999996,11.0,19.674999999999983
West Virginia,2.0,2.0,5.0,9.0,17.0,23.0,27.19999999999998
West Virginia,0.0,1.0,2.0,2.0,9.0,17.0,21.0
Wisconsin,13.0,16.0,24.0,25.0,31.99999999999999,144.0,165.5249999999999
Wisconsin,35.0,41.0,52.0,58.999999999999964,97.0,97.0,109.39999999999996
Wisconsin,13.475,27.0,27.0,51.5,97.0,117.0,123.0
Wisconsin,22.0,41.0,49.0,81.0,89.74999999999999,123.0,123.0
Wisconsin,21.475,34.0,41.0,41.0,100.0,100.0,100.52499999999999
Wisconsin,22.0,23.0,51.0,88.0,113.0,113.0,123.0
Wisconsin,22.0,41.0,49.0,81.0,89.74999999999999,123.0,123.0
Wisconsin,12.0,14.0,22.0,30.0,35.0,47.0,47.0
Wisconsin,7.0,12.0,22.249999999999996,37.0,163.0,163.0,355.0
Wisconsin,5.425,7.0,15.0,15.0,15.0,21.0,21.0
Wisconsin,42.9,74.0,95.0,95.0,95.0,102.0,237.0
Wisconsin,20.0,25.0,27.0,62.0,88.0,88.0,88.0
Wisconsin,12.0,12.0,12.0,12.0,22.0,30.700000000000006,45.0
Wisconsin,3.85,12.0,20.0,30.499999999999996,41.0,62.0,74.5999999999998
Wisconsin,17.0,21.0,28.0,35.0,38.0,38.300000000000004,41.0
Wisconsin,16.0,16.0,27.0,46.0,60.0,67.0,91.0
Wisconsin,14.0,14.0,14.0,23.0,48.0,65.0,67.0
Wisconsin,12.0,26.0,37.0,54.0,355.0,355.0,355.0
Wisconsin,10.0,11.9,13.0,16.0,32.0,62.0,62.0
Wisconsin,7.0,7.0,20.0,21.0,41.0,41.0,41.0
Wisconsin,12.0,24.70000000000001,29.0,37.0,37.0,141.0,141.0
Wisconsin,13.0,17.0,17.0,30.499999999999996,37.0,37.0,50.124999999999794
Wisconsin,14.0,14.0,24.0,24.0,33.0,41.0,45.0
Wisconsin,24.0,24.0,24.0,28.0,37.0,146.0,146.0
Wisconsin,42.9,51.0,101.0,334.0,334.0,355.0,355.0
Wisconsin,5.0,5.0,10.0,20.0,20.0,32.0,32.0
Wisconsin,7.0,7.0,16.0,28.0,31.0,33.8,47.0
Wyoming,0.0,0.0,1.0,2.0,7.0,28.0,28.0
Wyoming,1.0,1.0,1.0,3.0,3.0,5.0,5.0
Wyoming,0.0,0.0,0.0,0.0,2.0,3.0,10.09999999999999
Wyoming,0.0,0.0,0.0,0.0,2.0,3.0,10.09999999999999
Wyoming,0.0,0.0,0.0,0.0,2.0,3.0,10.09999999999999
Wyoming,0.0,0.0,0.0,0.0,2.0,3.0,10.09999999999999
Wyoming,0.0,0.0,0.0,0.0,2.0,3.0,10.09999999999999
Wyoming,0.0,1.0,1.0,3.0,6.0,10.0,21.0
Wyoming,0.0,0.0,0.0,0.0,2.0,3.0,10.09999999999999
Wyoming,0.0,0.0,0.0,0.0,2.0,3.0,10.09999999999999
Wyoming,2.0,3.0,8.0,8.0,30.0,30.0,30.0
Wyoming,0.0,0.0,0.0,1.0,5.249999999999997,8.3,12.524999999999991
Wyoming,2.0,2.0,7.0,12.0,12.0,12.0,12.0
Wyoming,0.0,0.0,0.0,1.0,2.2499999999999973,3.0,7.0
Wyoming,0.0,0.0,0.0,0.4999999999999973,2.0,2.3000000000000034,5.0
Wyoming,0.0,0.0,1.0,2.0,7.0,28.0,28.0
Wyoming,0.0,0.0,0.0,0.0,1.0,2.0,7.524999999999998
Wyoming,0.0,1.0,2.0,2.0,9.0,17.0,21.0
Wyoming,0.0,0.0,0.0,0.0,2.0,3.0,10.09999999999999
Wyoming,0.0,0.0,0.0,1.0,2.2499999999999973,3.0,7.0
Wyoming,0.0,0.0,0.0,1.0,5.249999999999997,8.3,12.524999999999991
Wyoming,0.0,0.0,2.0,14.0,24.0,30.0,30.0
Wyoming,0.0,0.0,0.0,2.0,28.0,28.0,28.0
Wyoming,2.0,5.0,5.0,5.0,17.0,17.0,20.674999999999983
Wyoming,0.0,2.0,4.0,6.0,7.0,8.0,12.0
Wyoming,0.0,0.9000000000000007,1.0,2.0,5.0,23.0,31.0
