,FH_BPagano_RtDriven,FH_CEID_Walk,FH_COVIDhub_baseline,FH_COVIDhub_ensemble,FH_CU_nochange,FH_CU_scenario_high,FH_CU_scenario_low,FH_CU_scenario_mid,FH_CU_select,FH_Covid19Sim_Simulator,FH_CovidAnalytics_DELPHI,FH_DDS_NBDS,FH_Google_Harvard_CPF,FH_IEM_MED_CovidProject,FH_IowaStateLW_STEM,FH_JCB_PRM,FH_JHUAPL_Bucky,FH_JHU_CSSE_DECOM,FH_JHU_IDD_CovidSP,FH_JHU_UNC_GAS_StatMechPool,FH_Karlen_pypm,FH_LANL_GrowthRate,FH_LNQ_ens1,FH_MSRA_DeepST,FH_Microsoft_DeepSTIA,FH_OneQuietNight_ML,FH_RobertWalraven_ESG,FH_TTU_squider,FH_UCLA_SuEIR,FH_UCSB_ACTS,FH_UMich_RidgeTfReg,FH_USACE_ERDC_SEIR,FH_UVA_Ensemble,USC_SI_kJalpha,USC_SI_kJalpha_RF,ensemble_SIkJa_RF
FH_BPagano_RtDriven,0.0,0.7501799999999995,1.5369633333333321,0.3572733333333336,0.4764366666666669,0.46810666666666684,0.4881666666666671,0.4345866666666668,0.45208000000000037,0.5505480000000003,0.6453033333333328,0.4503733333333333,0.5334399999999997,0.5480400000000001,0.8022733333333326,0.5941199999999999,0.47160000000000024,0.4911466666666666,0.5016600000000003,0.44915999999999995,0.39079666666666696,0.4361300000000003,0.3926333333333335,0.6075299999999997,0.6311800000000002,0.5769133333333333,0.6152466666666666,0.6386099999999996,0.7645499999999993,0.49166000000000004,0.5731850000000002,0.7093733333333335,0.4356100000000003,0.560863333333333,0.5556100000000002,0.41638333333333355
FH_CEID_Walk,0.7501799999999995,0.0,1.3665633333333342,0.7154299999999996,0.8011333333333334,0.7959966666666657,0.7869999999999997,0.7851799999999998,0.7937166666666666,0.7757920000000006,0.7183766666666668,0.7893666666666668,0.7953466666666668,0.8309799999999998,0.6918433333333329,0.7452466666666667,0.7450000000000002,0.8017333333333335,0.7903879999999995,0.8309550000000004,0.8251499999999998,0.7809600000000001,0.7985566666666664,0.7434733333333335,0.6985800000000002,0.7294133333333334,0.7201533333333331,0.8203333333333334,0.69817,0.799343333333333,0.767465,0.7362599999999998,0.6583699999999999,0.7285933333333331,0.9115599999999998,0.8153533333333334
FH_COVIDhub_baseline,1.5369633333333321,1.3665633333333342,0.0,1.4865766666666655,1.562716666666664,1.5668133333333305,1.5725099999999992,1.5632699999999995,1.571049999999999,1.4456639999999998,1.4942766666666651,1.6040066666666657,1.5623033333333314,1.527340000000001,1.3391099999999998,1.510959999999993,1.4914299999999974,1.5418366666666645,1.5352839999999974,1.5250249999999994,1.5426666666666617,1.5672899999999998,1.572579999999999,1.6113933333333335,1.6854000000000002,1.5838933333333345,1.566936666666665,1.4752733333333312,1.5566533333333314,1.5369633333333281,1.503845,1.5867800000000012,1.6858750000000007,1.5253033333333306,1.5908599999999995,1.5839000000000008
FH_COVIDhub_ensemble,0.3572733333333336,0.7154299999999996,1.4865766666666655,0.0,0.36538000000000015,0.33912666666666685,0.3834066666666668,0.2871366666666668,0.32581333333333334,0.4875240000000001,0.6395099999999997,0.3020433333333335,0.5090033333333331,0.29188,0.8576000000000003,0.51235,0.34499,0.3494233333333333,0.39592800000000034,0.20195500000000005,0.21922000000000005,0.3047733333333335,0.22891666666666685,0.5710433333333336,0.4751199999999999,0.47106666666666686,0.5982466666666673,0.5732233333333338,0.8533000000000002,0.3274833333333335,0.5088100000000004,0.8340933333333331,0.416535,0.6055633333333336,0.37533999999999973,0.28703333333333336
FH_CU_nochange,0.4764366666666669,0.8011333333333334,1.562716666666664,0.36538000000000015,0.0,0.05077333333333331,0.1369366666666667,0.11658333333333341,0.07407333333333335,0.4553120000000004,0.756666666666666,0.418776666666667,0.6303999999999998,0.31867999999999996,0.8385066666666668,0.7106899999999999,0.5666899999999998,0.5453466666666669,0.4796679999999998,0.31750000000000006,0.3838333333333333,0.4106333333333334,0.35896000000000017,0.6508600000000005,0.39579999999999993,0.7271866666666673,0.5705566666666672,0.6230933333333338,0.8833133333333325,0.5226433333333335,0.6719799999999999,0.44846666666666657,0.51371,0.5587566666666666,0.30095999999999984,0.36417333333333346
FH_CU_scenario_high,0.46810666666666684,0.7959966666666657,1.5668133333333305,0.33912666666666685,0.05077333333333331,0.0,0.16787999999999972,0.056350000000000074,0.06493666666666663,0.4417560000000003,0.7674299999999997,0.36660333333333345,0.627843333333333,0.31606,0.8434933333333334,0.6612966666666668,0.5371299999999999,0.4928333333333336,0.4577279999999999,0.2648149999999999,0.33366,0.389316666666667,0.32167333333333337,0.62957,0.36635999999999996,0.6539133333333335,0.5979433333333339,0.643113333333333,0.8862033333333331,0.4576533333333333,0.6290650000000002,0.5040733333333334,0.5167999999999999,0.57252,0.26253,0.31623666666666683
FH_CU_scenario_low,0.4881666666666671,0.7869999999999997,1.5725099999999992,0.3834066666666668,0.1369366666666667,0.16787999999999972,0.0,0.16973333333333346,0.10241333333333338,0.5452280000000002,0.6911600000000002,0.47023666666666686,0.6374133333333332,0.34124000000000004,0.7847133333333332,0.7351133333333343,0.5780266666666666,0.5818633333333333,0.48795599999999995,0.4180599999999996,0.4446866666666668,0.4140800000000002,0.38254666666666676,0.6258133333333329,0.45063999999999976,0.7296466666666671,0.46282666666666644,0.6109099999999995,0.8232499999999995,0.5721500000000002,0.6135700000000001,0.4258866666666665,0.510905,0.4860500000000001,0.4025599999999999,0.4396333333333335
FH_CU_scenario_mid,0.4345866666666668,0.7851799999999998,1.5632699999999995,0.2871366666666668,0.11658333333333341,0.056350000000000074,0.16973333333333346,0.0,0.06731999999999999,0.445948,0.7510533333333324,0.32350333333333364,0.6096166666666666,0.3067,0.8567299999999997,0.6116499999999996,0.48854666666666674,0.43510333333333356,0.447072,0.2059650000000001,0.2762833333333333,0.3543533333333333,0.2635933333333334,0.6026833333333332,0.35631999999999997,0.5930466666666667,0.586383333333333,0.6275933333333334,0.9090666666666661,0.38967000000000007,0.5734150000000002,0.5907333333333338,0.5001250000000002,0.5716433333333328,0.27141000000000026,0.2919933333333335
FH_CU_select,0.45208000000000037,0.7937166666666666,1.571049999999999,0.32581333333333334,0.07407333333333335,0.06493666666666663,0.10241333333333338,0.06731999999999999,0.0,0.4602279999999999,0.7560233333333333,0.36976333333333344,0.6460999999999999,0.34124000000000004,0.8165466666666664,0.6970900000000007,0.5422799999999999,0.5034933333333333,0.481108,0.26145500000000016,0.3429799999999999,0.3370533333333333,0.31606000000000006,0.6614466666666661,0.45063999999999976,0.7296466666666671,0.5216599999999996,0.619073333333333,0.8994766666666664,0.4813366666666666,0.6256300000000001,0.4258866666666665,0.510905,0.5460600000000002,0.27141000000000026,0.35718333333333324
FH_Covid19Sim_Simulator,0.5505480000000003,0.7757920000000006,1.4456639999999998,0.4875240000000001,0.4553120000000004,0.4417560000000003,0.5452280000000002,0.445948,0.4602279999999999,0.0,0.7547999999999999,0.5990320000000003,0.6900400000000002,0.50348,0.8086200000000002,0.8252359999999999,0.6292760000000002,0.6642879999999999,0.6522000000000004,0.4448533333333333,0.4669920000000004,0.6163680000000001,0.480508,0.8146279999999998,0.5954600000000001,0.8375066666666665,0.7404759999999997,0.619856,0.878355999999999,0.6509640000000002,0.6603000000000004,0.5181900000000002,0.6366666666666666,0.6335999999999999,0.48019000000000006,0.5304800000000002
FH_CovidAnalytics_DELPHI,0.6453033333333328,0.7183766666666668,1.4942766666666651,0.6395099999999997,0.756666666666666,0.7674299999999997,0.6911600000000002,0.7510533333333324,0.7560233333333333,0.7547999999999999,0.0,0.7201699999999993,0.6044333333333333,0.46326,0.7432199999999998,0.6534966666666666,0.6563933333333338,0.774103333333333,0.5893119999999993,0.8804849999999996,0.7156533333333331,0.7294666666666668,0.6855666666666663,0.5887700000000001,0.5789399999999999,0.5117466666666669,0.6201099999999999,0.46475666666666704,0.5085233333333334,0.7906366666666668,0.6537400000000001,0.7666066666666665,0.469025,0.579136666666666,0.9661300000000003,0.6838799999999999
FH_DDS_NBDS,0.4503733333333333,0.7893666666666668,1.6040066666666657,0.3020433333333335,0.418776666666667,0.36660333333333345,0.47023666666666686,0.32350333333333364,0.36976333333333344,0.5990320000000003,0.7201699999999993,0.0,0.46042333333333363,0.4999199999999999,0.9318933333333335,0.45452333333333317,0.46143333333333325,0.2401633333333335,0.36470000000000025,0.14905000000000007,0.2352266666666666,0.28008000000000005,0.2583966666666666,0.42925999999999986,0.45084,0.22666666666666666,0.6679933333333339,0.631933333333333,0.8503099999999997,0.17891666666666659,0.5040250000000001,0.9073466666666667,0.4763149999999999,0.6999299999999997,0.20754999999999993,0.23017
FH_Google_Harvard_CPF,0.5334399999999997,0.7953466666666668,1.5623033333333314,0.5090033333333331,0.6303999999999998,0.627843333333333,0.6374133333333332,0.6096166666666666,0.6460999999999999,0.6900400000000002,0.6044333333333333,0.46042333333333363,0.0,0.6131000000000002,0.8946400000000002,0.47697333333333364,0.5135766666666666,0.3389366666666668,0.43652000000000013,0.5316399999999999,0.4614633333333332,0.5208766666666667,0.47684666666666675,0.4345033333333334,0.54728,0.2824666666666666,0.7326399999999993,0.5369800000000001,0.7443533333333323,0.3797000000000003,0.5745100000000002,0.9931799999999993,0.50178,0.7023599999999997,0.48963000000000007,0.41925999999999986
FH_IEM_MED_CovidProject,0.5480400000000001,0.8309799999999998,1.527340000000001,0.29188,0.31867999999999996,0.31606,0.34124000000000004,0.3067,0.34124000000000004,0.50348,0.46326,0.4999199999999999,0.6131000000000002,0.0,0.90636,0.21416000000000002,0.6286399999999999,0.7077799999999997,0.37453999999999993,0.28079999999999994,0.16218,0.62396,0.30304,0.49692000000000003,0.34006000000000003,0.39654000000000006,0.7817800000000001,0.547,0.5696200000000001,0.42787999999999987,,,0.552,0.28687999999999997,,0.3636600000000001
FH_IowaStateLW_STEM,0.8022733333333326,0.6918433333333329,1.3391099999999998,0.8576000000000003,0.8385066666666668,0.8434933333333334,0.7847133333333332,0.8567299999999997,0.8165466666666664,0.8086200000000002,0.7432199999999998,0.9318933333333335,0.8946400000000002,0.90636,0.0,0.9079466666666658,0.8150566666666672,0.9357133333333333,0.9108240000000002,0.9627499999999998,0.9092633333333331,0.8630500000000001,0.903466666666667,0.7689566666666664,0.8430999999999998,0.9971733333333339,0.6281400000000006,0.8175333333333324,0.6298766666666664,0.9888666666666668,0.7929800000000001,0.5019000000000001,0.6829499999999997,0.7552233333333334,0.9373299999999999,0.9368400000000001
FH_JCB_PRM,0.5941199999999999,0.7452466666666667,1.510959999999993,0.51235,0.7106899999999999,0.6612966666666668,0.7351133333333343,0.6116499999999996,0.6970900000000007,0.8252359999999999,0.6534966666666666,0.45452333333333317,0.47697333333333364,0.21416000000000002,0.9079466666666658,0.0,0.4979000000000005,0.3861866666666673,0.3932480000000003,0.4785700000000002,0.4640366666666669,0.5472466666666664,0.4391333333333334,0.32275666666666686,0.25183999999999995,0.09527999999999993,0.81354,0.7226333333333337,0.7077266666666661,0.3410366666666667,0.6032799999999999,1.1472066666666654,0.549085,0.7304733333333331,0.7523900000000004,0.41304666666666706
FH_JHUAPL_Bucky,0.47160000000000024,0.7450000000000002,1.4914299999999974,0.34499,0.5666899999999998,0.5371299999999999,0.5780266666666666,0.48854666666666674,0.5422799999999999,0.6292760000000002,0.6563933333333338,0.46143333333333325,0.5135766666666666,0.6286399999999999,0.8150566666666672,0.4979000000000005,0.0,0.3665766666666666,0.44834000000000035,0.39033999999999996,0.35207,0.47790333333333374,0.3639466666666668,0.49383666666666726,0.6475,0.5313,0.6673966666666657,0.6044200000000006,0.7962933333333329,0.4277199999999997,0.520615,0.9572399999999998,0.40042999999999984,0.7097199999999995,0.5290699999999997,0.4454199999999998
FH_JHU_CSSE_DECOM,0.4911466666666666,0.8017333333333335,1.5418366666666645,0.3494233333333333,0.5453466666666669,0.4928333333333336,0.5818633333333333,0.43510333333333356,0.5034933333333333,0.6642879999999999,0.774103333333333,0.2401633333333335,0.3389366666666668,0.7077799999999997,0.9357133333333333,0.3861866666666673,0.3665766666666666,0.0,0.39074000000000003,0.18934499999999996,0.26479666666666685,0.32012333333333337,0.25464000000000003,0.4142466666666666,0.5004800000000001,0.1902133333333333,0.7498033333333332,0.6370900000000002,0.9044333333333333,0.14042666666666662,0.47270499999999993,1.1318066666666662,0.49981500000000006,0.7750733333333335,0.21323999999999996,0.26957666666666685
FH_JHU_IDD_CovidSP,0.5016600000000003,0.7903879999999995,1.5352839999999974,0.39592800000000034,0.4796679999999998,0.4577279999999999,0.48795599999999995,0.447072,0.481108,0.6522000000000004,0.5893119999999993,0.36470000000000025,0.43652000000000013,0.37453999999999993,0.9108240000000002,0.3932480000000003,0.44834000000000035,0.39074000000000003,0.0,0.36407333333333347,0.37747600000000014,0.44775999999999994,0.3997879999999999,0.3998879999999999,0.32648000000000005,0.3247133333333334,0.6759799999999999,0.5611640000000001,0.7230319999999997,0.3780080000000001,0.6516133333333332,0.8762066666666669,0.5054850000000001,0.6330560000000001,0.6124599999999999,0.2883240000000001
FH_JHU_UNC_GAS_StatMechPool,0.44915999999999995,0.8309550000000004,1.5250249999999994,0.20195500000000005,0.31750000000000006,0.2648149999999999,0.4180599999999996,0.2059650000000001,0.26145500000000016,0.4448533333333333,0.8804849999999996,0.14905000000000007,0.5316399999999999,0.28079999999999994,0.9627499999999998,0.4785700000000002,0.39033999999999996,0.18934499999999996,0.36407333333333347,0.0,0.10895000000000003,0.241025,0.15818500000000005,0.5812550000000002,0.35496,0.30924,0.7270749999999997,0.6281899999999999,1.0136199999999997,0.12185500000000005,0.5267999999999998,0.96934,0.5972499999999998,0.7744949999999996,0.2508600000000001,0.18952000000000005
FH_Karlen_pypm,0.39079666666666696,0.8251499999999998,1.5426666666666617,0.21922000000000005,0.3838333333333333,0.33366,0.4446866666666668,0.2762833333333333,0.3429799999999999,0.4669920000000004,0.7156533333333331,0.2352266666666666,0.4614633333333332,0.16218,0.9092633333333331,0.4640366666666669,0.35207,0.26479666666666685,0.37747600000000014,0.10895000000000003,0.0,0.35751000000000016,0.15083666666666667,0.49974666666666695,0.30834,0.3614999999999998,0.6833133333333333,0.5817533333333336,0.8928799999999998,0.21416666666666667,0.5201250000000003,0.9057733333333331,0.4612000000000003,0.6304000000000004,0.26901000000000014,0.21585
FH_LANL_GrowthRate,0.4361300000000003,0.7809600000000001,1.5672899999999998,0.3047733333333335,0.4106333333333334,0.389316666666667,0.4140800000000002,0.3543533333333333,0.3370533333333333,0.6163680000000001,0.7294666666666668,0.28008000000000005,0.5208766666666667,0.62396,0.8630500000000001,0.5472466666666664,0.47790333333333374,0.32012333333333337,0.44775999999999994,0.241025,0.35751000000000016,0.0,0.2939333333333334,0.515286666666667,0.5695000000000001,0.4822333333333332,0.5729399999999998,0.6371466666666666,0.8874633333333328,0.3293666666666667,0.54415,0.8162133333333336,0.4745350000000003,0.6322566666666671,0.2958200000000002,0.35077
FH_LNQ_ens1,0.3926333333333335,0.7985566666666664,1.572579999999999,0.22891666666666685,0.35896000000000017,0.32167333333333337,0.38254666666666676,0.2635933333333334,0.31606000000000006,0.480508,0.6855666666666663,0.2583966666666666,0.47684666666666675,0.30304,0.903466666666667,0.4391333333333334,0.3639466666666668,0.25464000000000003,0.3997879999999999,0.15818500000000005,0.15083666666666667,0.2939333333333334,0.0,0.45355000000000045,0.3563599999999999,0.4056533333333333,0.6359033333333334,0.5629333333333333,0.8760233333333328,0.26395666666666673,0.48828500000000047,0.8673599999999996,0.4512249999999998,0.6164266666666667,0.21686000000000008,0.22854666666666684
FH_MSRA_DeepST,0.6075299999999997,0.7434733333333335,1.6113933333333335,0.5710433333333336,0.6508600000000005,0.62957,0.6258133333333329,0.6026833333333332,0.6614466666666661,0.8146279999999998,0.5887700000000001,0.42925999999999986,0.4345033333333334,0.49692000000000003,0.7689566666666664,0.32275666666666686,0.49383666666666726,0.4142466666666666,0.3998879999999999,0.5812550000000002,0.49974666666666695,0.515286666666667,0.45355000000000045,0.0,0.09329999999999998,0.2062266666666666,0.6095733333333334,0.5796733333333335,0.6246900000000005,0.4284666666666667,0.5998600000000001,0.988893333333334,0.4621549999999999,0.5967533333333332,0.66449,0.436146666666667
FH_Microsoft_DeepSTIA,0.6311800000000002,0.6985800000000002,1.6854000000000002,0.4751199999999999,0.39579999999999993,0.36635999999999996,0.45063999999999976,0.35631999999999997,0.45063999999999976,0.5954600000000001,0.5789399999999999,0.45084,0.54728,0.34006000000000003,0.8430999999999998,0.25183999999999995,0.6475,0.5004800000000001,0.32648000000000005,0.35496,0.30834,0.5695000000000001,0.3563599999999999,0.09329999999999998,0.0,0.27590000000000003,0.7729199999999997,0.54812,0.57144,0.31326,,,0.5627399999999999,0.3952800000000001,,0.28898
FH_OneQuietNight_ML,0.5769133333333333,0.7294133333333334,1.5838933333333345,0.47106666666666686,0.7271866666666673,0.6539133333333335,0.7296466666666671,0.5930466666666667,0.7296466666666671,0.8375066666666665,0.5117466666666669,0.22666666666666666,0.2824666666666666,0.39654000000000006,0.9971733333333339,0.09527999999999993,0.5313,0.1902133333333333,0.3247133333333334,0.30924,0.3614999999999998,0.4822333333333332,0.4056533333333333,0.2062266666666666,0.27590000000000003,0.0,0.9449266666666667,0.6361666666666669,0.5531466666666668,0.03677999999999997,0.46744000000000013,1.2064899999999994,0.5573066666666668,0.6422333333333334,,0.22995333333333334
FH_RobertWalraven_ESG,0.6152466666666666,0.7201533333333331,1.566936666666665,0.5982466666666673,0.5705566666666672,0.5979433333333339,0.46282666666666644,0.586383333333333,0.5216599999999996,0.7404759999999997,0.6201099999999999,0.6679933333333339,0.7326399999999993,0.7817800000000001,0.6281400000000006,0.81354,0.6673966666666657,0.7498033333333332,0.6759799999999999,0.7270749999999997,0.6833133333333333,0.5729399999999998,0.6359033333333334,0.6095733333333334,0.7729199999999997,0.9449266666666667,0.0,0.6385633333333335,0.6624833333333334,0.8183066666666662,0.6307650000000002,0.4343666666666668,0.491755,0.5812000000000005,0.7805600000000001,0.716506666666667
FH_TTU_squider,0.6386099999999996,0.8203333333333334,1.4752733333333312,0.5732233333333338,0.6230933333333338,0.643113333333333,0.6109099999999995,0.6275933333333334,0.619073333333333,0.619856,0.46475666666666704,0.631933333333333,0.5369800000000001,0.547,0.8175333333333324,0.7226333333333337,0.6044200000000006,0.6370900000000002,0.5611640000000001,0.6281899999999999,0.5817533333333336,0.6371466666666666,0.5629333333333333,0.5796733333333335,0.54812,0.6361666666666669,0.6385633333333335,0.0,0.6893466666666667,0.6690433333333335,0.6101250000000004,0.764953333333333,0.5148799999999999,0.6313199999999998,0.6883199999999995,0.5935899999999996
FH_UCLA_SuEIR,0.7645499999999993,0.69817,1.5566533333333314,0.8533000000000002,0.8833133333333325,0.8862033333333331,0.8232499999999995,0.9090666666666661,0.8994766666666664,0.878355999999999,0.5085233333333334,0.8503099999999997,0.7443533333333323,0.5696200000000001,0.6298766666666664,0.7077266666666661,0.7962933333333329,0.9044333333333333,0.7230319999999997,1.0136199999999997,0.8928799999999998,0.8874633333333328,0.8760233333333328,0.6246900000000005,0.57144,0.5531466666666668,0.6624833333333334,0.6893466666666667,0.0,0.8924999999999998,0.7771499999999996,0.6536200000000003,0.6156950000000002,0.6134133333333329,1.1039400000000006,0.8544799999999995
FH_UCSB_ACTS,0.49166000000000004,0.799343333333333,1.5369633333333281,0.3274833333333335,0.5226433333333335,0.4576533333333333,0.5721500000000002,0.38967000000000007,0.4813366666666666,0.6509640000000002,0.7906366666666668,0.17891666666666659,0.3797000000000003,0.42787999999999987,0.9888666666666668,0.3410366666666667,0.4277199999999997,0.14042666666666662,0.3780080000000001,0.12185500000000005,0.21416666666666667,0.3293666666666667,0.26395666666666673,0.4284666666666667,0.31326,0.03677999999999997,0.8183066666666662,0.6690433333333335,0.8924999999999998,0.0,0.5068099999999998,1.1111799999999994,0.5605650000000003,0.7855333333333334,0.2755699999999999,0.21242666666666682
FH_UMich_RidgeTfReg,0.5731850000000002,0.767465,1.503845,0.5088100000000004,0.6719799999999999,0.6290650000000002,0.6135700000000001,0.5734150000000002,0.6256300000000001,0.6603000000000004,0.6537400000000001,0.5040250000000001,0.5745100000000002,,0.7929800000000001,0.6032799999999999,0.520615,0.47270499999999993,0.6516133333333332,0.5267999999999998,0.5201250000000003,0.54415,0.48828500000000047,0.5998600000000001,,0.46744000000000013,0.6307650000000002,0.6101250000000004,0.7771499999999996,0.5068099999999998,0.0,0.7620500000000002,0.49061000000000016,0.7515800000000001,0.6451600000000001,0.5632649999999998
FH_USACE_ERDC_SEIR,0.7093733333333335,0.7362599999999998,1.5867800000000012,0.8340933333333331,0.44846666666666657,0.5040733333333334,0.4258866666666665,0.5907333333333338,0.4258866666666665,0.5181900000000002,0.7666066666666665,0.9073466666666667,0.9931799999999993,,0.5019000000000001,1.1472066666666654,0.9572399999999998,1.1318066666666662,0.8762066666666669,0.96934,0.9057733333333331,0.8162133333333336,0.8673599999999996,0.988893333333334,,1.2064899999999994,0.4343666666666668,0.764953333333333,0.6536200000000003,1.1111799999999994,0.7620500000000002,0.0,0.674226666666667,0.5183933333333336,,0.8825333333333333
FH_UVA_Ensemble,0.4356100000000003,0.6583699999999999,1.6858750000000007,0.416535,0.51371,0.5167999999999999,0.510905,0.5001250000000002,0.510905,0.6366666666666666,0.469025,0.4763149999999999,0.50178,0.552,0.6829499999999997,0.549085,0.40042999999999984,0.49981500000000006,0.5054850000000001,0.5972499999999998,0.4612000000000003,0.4745350000000003,0.4512249999999998,0.4621549999999999,0.5627399999999999,0.5573066666666668,0.491755,0.5148799999999999,0.6156950000000002,0.5605650000000003,0.49061000000000016,0.674226666666667,0.0,0.5001399999999998,,0.4766949999999999
USC_SI_kJalpha,0.560863333333333,0.7285933333333331,1.5253033333333306,0.6055633333333336,0.5587566666666666,0.57252,0.4860500000000001,0.5716433333333328,0.5460600000000002,0.6335999999999999,0.579136666666666,0.6999299999999997,0.7023599999999997,0.28687999999999997,0.7552233333333334,0.7304733333333331,0.7097199999999995,0.7750733333333335,0.6330560000000001,0.7744949999999996,0.6304000000000004,0.6322566666666671,0.6164266666666667,0.5967533333333332,0.3952800000000001,0.6422333333333334,0.5812000000000005,0.6313199999999998,0.6134133333333329,0.7855333333333334,0.7515800000000001,0.5183933333333336,0.5001399999999998,0.0,0.7877099999999999,0.6727366666666663
USC_SI_kJalpha_RF,0.5556100000000002,0.9115599999999998,1.5908599999999995,0.37533999999999973,0.30095999999999984,0.26253,0.4025599999999999,0.27141000000000026,0.27141000000000026,0.48019000000000006,0.9661300000000003,0.20754999999999993,0.48963000000000007,,0.9373299999999999,0.7523900000000004,0.5290699999999997,0.21323999999999996,0.6124599999999999,0.2508600000000001,0.26901000000000014,0.2958200000000002,0.21686000000000008,0.66449,,,0.7805600000000001,0.6883199999999995,1.1039400000000006,0.2755699999999999,0.6451600000000001,,,0.7877099999999999,0.0,0.23279
ensemble_SIkJa_RF,0.41638333333333355,0.8153533333333334,1.5839000000000008,0.28703333333333336,0.36417333333333346,0.31623666666666683,0.4396333333333335,0.2919933333333335,0.35718333333333324,0.5304800000000002,0.6838799999999999,0.23017,0.41925999999999986,0.3636600000000001,0.9368400000000001,0.41304666666666706,0.4454199999999998,0.26957666666666685,0.2883240000000001,0.18952000000000005,0.21585,0.35077,0.22854666666666684,0.436146666666667,0.28898,0.22995333333333334,0.716506666666667,0.5935899999999996,0.8544799999999995,0.21242666666666682,0.5632649999999998,0.8825333333333333,0.4766949999999999,0.6727366666666663,0.23279,0.0
