,COVID_Hub_Trained_Ensemble,FH_BPagano_RtDriven,FH_CEID_Walk,FH_COVIDhub_baseline,FH_COVIDhub_ensemble,FH_COVIDhub_trained_ensemble,FH_CU_nochange,FH_CU_scenario_high,FH_CU_scenario_low,FH_CU_scenario_mid,FH_CU_select,FH_Covid19Sim_Simulator,FH_CovidAnalytics_DELPHI,FH_DDS_NBDS,FH_Google_Harvard_CPF,FH_IEM_MED_CovidProject,FH_IUPUI_HkPrMobiDyR,FH_IowaStateLW_STEM,FH_JHUAPL_Bucky,FH_JHU_CSSE_DECOM,FH_JHU_IDD_CovidSP,FH_JHU_UNC_GAS_StatMechPool,FH_Karlen_pypm,FH_LANL_GrowthRate,FH_LNQ_ens1,FH_MIT_ISOLAT_Mixtures,FH_MOBS_GLEAM_COVID,FH_Microsoft_DeepSTIA,FH_OneQuietNight_ML,FH_RobertWalraven_ESG,FH_SigSci_TS,FH_TTU_squider,FH_UCLA_SuEIR,FH_UCSB_ACTS,FH_UMich_RidgeTfReg,FH_UVA_Ensemble,USC_SI_kJalpha,ensemble_SIkJa_RF
COVID_Hub_Trained_Ensemble,0.0,0.6521999999999996,0.7892440000000007,1.5372440000000003,0.6638799999999997,0.08452800000000003,0.7392720000000003,0.7423360000000002,0.771624,0.7585479999999994,0.7478679999999996,0.6572519999999998,0.6077439999999998,0.6352200000000001,0.5834760000000002,0.6960919999999992,0.9144600000000002,1.0001550000000006,0.6496279999999994,0.765096,0.6087280000000002,0.6506679999999999,0.7121639999999996,0.72314,0.6603400000000006,0.6578039999999996,0.649592,0.5874840000000003,0.27543999999999996,0.6604560000000003,0.8498000000000004,0.6472400000000003,0.80919,,0.675948,0.5719000000000001,0.6936639999999994,0.8305999999999999
FH_BPagano_RtDriven,0.6521999999999996,0.0,0.713383333333333,1.56262,0.05782666666666667,0.7571839999999995,0.5470133333333335,0.5942366666666667,0.5057166666666669,0.6424766666666667,0.6030300000000001,0.10853666666666668,0.12250666666666679,0.49495200000000017,0.35388000000000014,0.0980900000000001,1.35258,0.6519079999999998,0.12240000000000006,0.9735466666666666,0.41302333333333374,0.09974333333333348,0.0943633333333334,0.6046366666666665,0.07195,0.09336000000000014,0.10102800000000002,0.26639666666666667,0.8370266666666661,0.037550000000000014,0.7840600000000003,0.05243333333333333,0.4653080000000001,0.742,0.6763099999999999,0.2194160000000001,0.10868999999999997,0.38058999999999993
FH_CEID_Walk,0.7892440000000007,0.713383333333333,0.0,1.39644,0.6835266666666665,0.8077560000000007,0.7085999999999999,0.7084699999999998,0.7198733333333335,0.7040999999999994,0.716526666666666,0.7192499999999998,0.692033333333333,0.682496,0.6738766666666666,0.692223333333333,0.80842,0.8445919999999997,0.6821099999999998,0.7543233333333328,0.7050833333333331,0.7149500000000001,0.7215666666666666,0.6881366666666666,0.6949033333333331,0.6859266666666666,0.6944200000000003,0.6952633333333329,0.7804733333333339,0.6948000000000004,0.8886280000000008,0.695016666666666,0.7099439999999998,0.5503399999999999,0.6478266666666667,0.693484,0.6826999999999999,0.61588
FH_COVIDhub_baseline,1.5372440000000003,1.56262,1.39644,0.0,1.5435680000000005,1.5316200000000009,1.555960000000001,1.5607759999999997,1.5076919999999998,1.5529880000000005,1.5482000000000002,1.5559759999999978,1.5633119999999983,1.585144999999999,1.5984320000000005,1.5204159999999998,1.5518799999999997,0.8563200000000002,1.5718319999999992,1.320708,1.490963999999999,1.5465880000000003,1.551904,1.5806040000000001,1.5161720000000014,1.5389879999999991,1.5473320000000004,1.618836,1.5978679999999998,1.5648839999999995,0.8899279999999998,1.5489759999999986,1.5569450000000002,,1.4121639999999984,1.5859200000000007,1.5151479999999986,1.59366
FH_COVIDhub_ensemble,0.6638799999999997,0.05782666666666667,0.6835266666666665,1.5435680000000005,0.0,0.7695039999999996,0.5329066666666672,0.5795800000000002,0.491146666666667,0.6295033333333336,0.5896833333333334,0.09537666666666673,0.11552333333333349,0.47752799999999995,0.36405666666666703,0.06265666666666665,1.3660400000000001,0.6412920000000001,0.11339333333333333,0.9644199999999995,0.4064066666666669,0.08784000000000011,0.08476666666666667,0.5850266666666664,0.06242666666666666,0.09028333333333345,0.08956800000000004,0.2705600000000001,0.8374233333333331,0.03487333333333333,0.7466800000000007,0.04398333333333331,0.4594280000000001,0.6985799999999999,0.6750999999999997,0.20195600000000008,0.07926999999999997,0.3485399999999999
FH_COVIDhub_trained_ensemble,0.08452800000000003,0.7571839999999995,0.8077560000000007,1.5316200000000009,0.7695039999999996,0.0,0.8180560000000001,0.8159560000000001,0.8469720000000001,0.8284239999999993,0.8177439999999994,0.7613720000000005,0.7129119999999999,0.6352200000000001,0.635588,0.8018319999999995,0.9144600000000002,1.1153950000000004,0.7333239999999995,0.7785919999999998,0.6334840000000003,0.7572120000000001,0.8175679999999997,0.7806239999999998,0.7681800000000006,0.76314,0.7551279999999998,0.6920280000000003,0.3232399999999999,0.7662040000000006,0.9160760000000002,0.7526240000000004,0.80919,,0.7354440000000003,0.6583649999999999,0.8003439999999996,0.8305999999999999
FH_CU_nochange,0.7392720000000003,0.5470133333333335,0.7085999999999999,1.555960000000001,0.5329066666666672,0.8180560000000001,0.0,0.03137,0.10246000000000005,0.08405666666666671,0.07805000000000005,0.5481633333333333,0.5380966666666667,0.7433159999999994,0.5787599999999999,0.5573766666666667,1.2626399999999998,0.8715319999999998,0.527986666666667,0.8045533333333333,0.6554633333333335,0.5452200000000007,0.5458466666666673,0.45128666666666695,0.54416,0.5225466666666669,0.5219360000000003,0.5433633333333333,0.7534133333333334,0.5376633333333337,0.7129239999999998,0.5474833333333333,0.6959999999999998,0.52858,0.7114600000000002,0.49202400000000024,0.5398000000000001,0.6791799999999998
FH_CU_scenario_high,0.7423360000000002,0.5942366666666667,0.7084699999999998,1.5607759999999997,0.5795800000000002,0.8159560000000001,0.03137,0.0,0.1367566666666666,0.03429999999999995,0.04552999999999995,0.5967599999999997,0.5782166666666668,0.7757399999999997,0.5997299999999998,0.5980833333333333,1.22594,0.8992920000000001,0.57459,0.7708466666666668,0.6770866666666665,0.5898300000000002,0.5858599999999999,0.42278000000000016,0.5859300000000003,0.5622100000000002,0.5589920000000002,0.5722366666666666,0.728493333333333,0.5843033333333342,0.713544,0.5945033333333327,0.7165159999999996,0.53594,0.6860799999999995,0.5245679999999999,0.5885799999999997,0.7127600000000003
FH_CU_scenario_low,0.771624,0.5057166666666669,0.7198733333333335,1.5076919999999998,0.491146666666667,0.8469720000000001,0.10246000000000005,0.1367566666666666,0.0,0.1645366666666664,0.12454333333333349,0.50362,0.5102633333333335,0.6887079999999999,0.5877733333333333,0.5272533333333332,1.2687799999999998,0.8058639999999998,0.4962500000000002,0.8179199999999998,0.6030900000000002,0.5095633333333337,0.5093000000000001,0.5074300000000004,0.5146800000000004,0.5048966666666671,0.509272,0.5254300000000003,0.8112966666666664,0.5048266666666672,0.7288519999999999,0.5082333333333336,0.6591240000000002,0.5023999999999997,0.7227566666666668,0.4799520000000001,0.49824333333333387,0.62495
FH_CU_scenario_mid,0.7585479999999994,0.6424766666666667,0.7040999999999994,1.5529880000000005,0.6295033333333336,0.8284239999999993,0.08405666666666671,0.03429999999999995,0.1645366666666664,0.0,0.03999333333333334,0.6451366666666664,0.6227499999999994,0.782764,0.6228033333333329,0.6475733333333327,1.2107999999999997,0.905804,0.6261166666666668,0.7519500000000001,0.7046266666666662,0.6387266666666668,0.6326199999999997,0.4289966666666667,0.6386200000000007,0.605083333333334,0.617392,0.6062966666666668,0.7206766666666663,0.6379366666666664,0.7345280000000007,0.6436666666666665,0.7316559999999999,0.5113200000000001,0.6938133333333335,0.5614640000000003,0.6393599999999996,0.70772
FH_CU_select,0.7478679999999996,0.6030300000000001,0.716526666666666,1.5482000000000002,0.5896833333333334,0.8177439999999994,0.07805000000000005,0.04552999999999995,0.12454333333333349,0.03999333333333334,0.0,0.6033366666666666,0.5963266666666667,0.7629959999999998,0.6176333333333331,0.6088566666666664,1.2107999999999997,0.905804,0.5892666666666673,0.7788033333333332,0.6686466666666665,0.5993533333333335,0.5930833333333333,0.44525999999999993,0.6068033333333339,0.5854733333333338,0.5737440000000001,0.5930766666666666,0.7432233333333329,0.5999066666666665,0.7137840000000004,0.6072433333333331,0.6883879999999998,0.5113200000000001,0.6803066666666668,0.5173280000000003,0.5996433333333331,0.6741500000000002
FH_Covid19Sim_Simulator,0.6572519999999998,0.10853666666666668,0.7192499999999998,1.5559759999999978,0.09537666666666673,0.7613720000000005,0.5481633333333333,0.5967599999999997,0.50362,0.6451366666666664,0.6033366666666666,0.0,0.16849666666666652,0.48283599999999977,0.3903500000000001,0.1221000000000001,1.3225600000000002,0.6320560000000003,0.16416333333333333,0.94126,0.4113233333333334,0.14001333333333346,0.13264666666666677,0.5918500000000005,0.11376000000000003,0.1392666666666667,0.131668,0.2812,0.8024499999999999,0.07903000000000004,0.7453880000000004,0.09659333333333353,0.45499200000000023,0.7122999999999997,0.6761466666666669,0.24900399999999986,0.13719000000000003,0.39126
FH_CovidAnalytics_DELPHI,0.6077439999999998,0.12250666666666679,0.692033333333333,1.5633119999999983,0.11552333333333349,0.7129119999999999,0.5380966666666667,0.5782166666666668,0.5102633333333335,0.6227499999999994,0.5963266666666667,0.16849666666666652,0.0,0.4895000000000001,0.36789000000000016,0.15092000000000014,1.31226,0.6785599999999996,0.16476000000000007,0.96148,0.4463499999999998,0.13714999999999994,0.14952000000000001,0.6072466666666669,0.1372166666666668,0.15097666666666665,0.134976,0.27321000000000056,0.8080666666666662,0.10568000000000016,0.7635840000000009,0.09195666666666685,0.5030440000000002,0.6109,0.6558833333333335,0.24280000000000013,0.16762666666666676,0.4545600000000001
FH_DDS_NBDS,0.6352200000000001,0.49495200000000017,0.682496,1.585144999999999,0.47752799999999995,0.6352200000000001,0.7433159999999994,0.7757399999999997,0.6887079999999999,0.782764,0.7629959999999998,0.48283599999999977,0.4895000000000001,0.0,0.5303480000000003,0.5262559999999998,0.5136999999999999,0.8472299999999997,0.48357199999999995,0.8257480000000006,0.6084199999999998,0.534656,0.53106,0.7447079999999997,0.5328040000000003,0.5070519999999998,0.5856650000000002,0.5784440000000002,0.6468160000000005,0.48356,0.8965350000000001,0.473628,0.541432,0.61194,0.7635080000000001,0.5003300000000004,0.5134399999999999,0.4030300000000001
FH_Google_Harvard_CPF,0.5834760000000002,0.35388000000000014,0.6738766666666666,1.5984320000000005,0.36405666666666703,0.635588,0.5787599999999999,0.5997299999999998,0.5877733333333333,0.6228033333333329,0.6176333333333331,0.3903500000000001,0.36789000000000016,0.5303480000000003,0.0,0.3742633333333335,1.1382199999999998,0.8235560000000005,0.3629866666666669,0.7813633333333334,0.5042233333333334,0.36470333333333366,0.38551666666666695,0.6378533333333336,0.3608933333333334,0.36563666666666683,0.3704880000000002,0.4052366666666668,0.6822633333333336,0.3373500000000002,0.8608439999999998,0.3628433333333336,0.5423360000000003,0.63972,0.6622666666666667,0.40993200000000024,0.40703,0.45955999999999997
FH_IEM_MED_CovidProject,0.6960919999999992,0.0980900000000001,0.692223333333333,1.5204159999999998,0.06265666666666665,0.8018319999999995,0.5573766666666667,0.5980833333333333,0.5272533333333332,0.6475733333333327,0.6088566666666664,0.1221000000000001,0.15092000000000014,0.5262559999999998,0.3742633333333335,0.0,1.3715800000000002,0.6461239999999997,0.15495666666666658,0.9736633333333331,0.4412833333333337,0.1047766666666668,0.08302333333333332,0.602006666666667,0.09116333333333333,0.12707000000000004,0.094688,0.2936800000000001,0.8638699999999998,0.06877666666666661,0.7279360000000001,0.0815233333333333,0.47488400000000025,0.66534,0.6732833333333336,0.23846800000000004,0.0965666666666667,0.31812000000000007
FH_IUPUI_HkPrMobiDyR,0.9144600000000002,1.35258,0.80842,1.5518799999999997,1.3660400000000001,0.9144600000000002,1.2626399999999998,1.22594,1.2687799999999998,1.2107999999999997,1.2107999999999997,1.3225600000000002,1.31226,0.5136999999999999,1.1382199999999998,1.3715800000000002,0.0,1.4053399999999998,1.3237599999999998,0.6796,0.9290199999999997,1.3269,1.3497400000000004,0.8474600000000001,1.3683999999999994,1.3225200000000001,1.2884399999999994,0.9011,0.41628,1.36212,1.3453600000000001,1.3759000000000001,0.8127000000000002,,0.41646,1.2960600000000002,1.34916,
FH_IowaStateLW_STEM,1.0001550000000006,0.6519079999999998,0.8445919999999997,0.8563200000000002,0.6412920000000001,1.1153950000000004,0.8715319999999998,0.8992920000000001,0.8058639999999998,0.905804,0.905804,0.6320560000000003,0.6785599999999996,0.8472299999999997,0.8235560000000005,0.6461239999999997,1.4053399999999998,0.0,0.6490280000000002,0.9323400000000001,0.8101560000000001,0.6878719999999998,0.64666,0.795424,0.61512,0.6622599999999997,0.711195,0.737396,1.0764199999999997,0.6407119999999996,0.7209399999999999,0.6316680000000001,0.8137550000000006,0.7899800000000002,0.8222879999999998,0.8081800000000002,0.6009880000000003,0.5141199999999999
FH_JHUAPL_Bucky,0.6496279999999994,0.12240000000000006,0.6821099999999998,1.5718319999999992,0.11339333333333333,0.7333239999999995,0.527986666666667,0.57459,0.4962500000000002,0.6261166666666668,0.5892666666666673,0.16416333333333333,0.16476000000000007,0.48357199999999995,0.3629866666666669,0.15495666666666658,1.3237599999999998,0.6490280000000002,0.0,0.9466966666666662,0.4374533333333334,0.15738666666666679,0.16021999999999997,0.5757733333333332,0.13119333333333338,0.16348666666666672,0.16394000000000009,0.3389666666666669,0.8099066666666666,0.09708333333333341,0.8073360000000002,0.11348333333333338,0.457476,0.75586,0.6638533333333333,0.25308400000000014,0.13146666666666676,0.36516000000000004
FH_JHU_CSSE_DECOM,0.765096,0.9735466666666666,0.7543233333333328,1.320708,0.9644199999999995,0.7785919999999998,0.8045533333333333,0.7708466666666668,0.8179199999999998,0.7519500000000001,0.7788033333333332,0.94126,0.96148,0.8257480000000006,0.7813633333333334,0.9736633333333331,0.6796,0.9323400000000001,0.9466966666666662,0.0,0.8534833333333334,1.0051866666666662,0.9559933333333324,0.6694999999999992,0.9594066666666674,0.9482233333333331,0.956764,0.8206466666666674,0.6297666666666664,0.9835600000000003,0.8649160000000006,0.9830466666666666,0.8832359999999996,0.75776,0.6377866666666672,0.8695160000000001,0.9702066666666669,0.8589299999999995
FH_JHU_IDD_CovidSP,0.6087280000000002,0.41302333333333374,0.7050833333333331,1.490963999999999,0.4064066666666669,0.6334840000000003,0.6554633333333335,0.6770866666666665,0.6030900000000002,0.7046266666666662,0.6686466666666665,0.4113233333333334,0.4463499999999998,0.6084199999999998,0.5042233333333334,0.4412833333333337,0.9290199999999997,0.8101560000000001,0.4374533333333334,0.8534833333333334,0.0,0.43373333333333347,0.43289000000000005,0.7075399999999996,0.4216600000000002,0.42618333333333364,0.3888320000000002,0.4417466666666668,0.7507166666666659,0.4116966666666671,0.8647160000000005,0.40671000000000024,0.6019360000000002,0.6425400000000002,0.6683133333333331,0.4954320000000002,0.433066666666667,0.4697600000000002
FH_JHU_UNC_GAS_StatMechPool,0.6506679999999999,0.09974333333333348,0.7149500000000001,1.5465880000000003,0.08784000000000011,0.7572120000000001,0.5452200000000007,0.5898300000000002,0.5095633333333337,0.6387266666666668,0.5993533333333335,0.14001333333333346,0.13714999999999994,0.534656,0.36470333333333366,0.1047766666666668,1.3269,0.6878719999999998,0.15738666666666679,1.0051866666666662,0.43373333333333347,0.0,0.10538333333333336,0.6017633333333332,0.10458000000000003,0.11630666666666684,0.10220000000000001,0.27007666666666674,0.8930866666666665,0.07130333333333344,0.7649880000000002,0.08961666666666682,0.4938760000000002,0.5406400000000002,0.6859966666666668,0.2643320000000002,0.12209333333333336,0.3786
FH_Karlen_pypm,0.7121639999999996,0.0943633333333334,0.7215666666666666,1.551904,0.08476666666666667,0.8175679999999997,0.5458466666666673,0.5858599999999999,0.5093000000000001,0.6326199999999997,0.5930833333333333,0.13264666666666677,0.14952000000000001,0.53106,0.38551666666666695,0.08302333333333332,1.3497400000000004,0.64666,0.16021999999999997,0.9559933333333324,0.43289000000000005,0.10538333333333336,0.0,0.5757099999999995,0.10825333333333335,0.13129666666666678,0.11490800000000004,0.28835333333333346,0.8569733333333337,0.07560999999999998,0.7500440000000002,0.08386999999999999,0.4668600000000002,0.6087399999999998,0.6567633333333335,0.2503759999999999,0.11538333333333334,0.3647100000000002
FH_LANL_GrowthRate,0.72314,0.6046366666666665,0.6881366666666666,1.5806040000000001,0.5850266666666664,0.7806239999999998,0.45128666666666695,0.42278000000000016,0.5074300000000004,0.4289966666666667,0.44525999999999993,0.5918500000000005,0.6072466666666669,0.7447079999999997,0.6378533333333336,0.602006666666667,0.8474600000000001,0.795424,0.5757733333333332,0.6694999999999992,0.7075399999999996,0.6017633333333332,0.5757099999999995,0.0,0.5435966666666668,0.57504,0.5685800000000001,0.5754100000000001,0.6382000000000007,0.5838766666666666,0.7773199999999997,0.6030433333333332,0.7428039999999999,0.66328,0.5784366666666666,0.6058799999999999,0.5704466666666665,0.6750499999999999
FH_LNQ_ens1,0.6603400000000006,0.07195,0.6949033333333331,1.5161720000000014,0.06242666666666666,0.7681800000000006,0.54416,0.5859300000000003,0.5146800000000004,0.6386200000000007,0.6068033333333339,0.11376000000000003,0.1372166666666668,0.5328040000000003,0.3608933333333334,0.09116333333333333,1.3683999999999994,0.61512,0.13119333333333338,0.9594066666666674,0.4216600000000002,0.10458000000000003,0.10825333333333335,0.5435966666666668,0.0,0.1017500000000002,0.11795999999999997,0.2855766666666667,0.8610366666666662,0.03699666666666666,0.7373560000000003,0.06806999999999998,0.489576,0.7590999999999998,0.6958333333333335,0.2458400000000001,0.10653999999999998,0.37483999999999995
FH_MIT_ISOLAT_Mixtures,0.6578039999999996,0.09336000000000014,0.6859266666666666,1.5389879999999991,0.09028333333333345,0.76314,0.5225466666666669,0.5622100000000002,0.5048966666666671,0.605083333333334,0.5854733333333338,0.1392666666666667,0.15097666666666665,0.5070519999999998,0.36563666666666683,0.12707000000000004,1.3225200000000001,0.6622599999999997,0.16348666666666672,0.9482233333333331,0.42618333333333364,0.11630666666666684,0.13129666666666678,0.57504,0.1017500000000002,0.0,0.12797600000000003,0.2791466666666668,0.8364100000000004,0.06848333333333342,0.77758,0.08987333333333349,0.48800800000000005,0.6514399999999999,0.6806899999999998,0.25634399999999996,0.13877666666666677,0.38703000000000004
FH_MOBS_GLEAM_COVID,0.649592,0.10102800000000002,0.6944200000000003,1.5473320000000004,0.08956800000000004,0.7551279999999998,0.5219360000000003,0.5589920000000002,0.509272,0.617392,0.5737440000000001,0.131668,0.134976,0.5856650000000002,0.3704880000000002,0.094688,1.2884399999999994,0.711195,0.16394000000000009,0.956764,0.3888320000000002,0.10220000000000001,0.11490800000000004,0.5685800000000001,0.11795999999999997,0.12797600000000003,0.0,0.23570000000000024,0.8396440000000003,0.082876,0.7552439999999999,0.07821999999999996,0.50254,,0.574308,0.20742000000000005,0.143428,0.3674200000000002
FH_Microsoft_DeepSTIA,0.5874840000000003,0.26639666666666667,0.6952633333333329,1.618836,0.2705600000000001,0.6920280000000003,0.5433633333333333,0.5722366666666666,0.5254300000000003,0.6062966666666668,0.5930766666666666,0.2812,0.27321000000000056,0.5784440000000002,0.4052366666666668,0.2936800000000001,0.9011,0.737396,0.3389666666666669,0.8206466666666674,0.4417466666666668,0.27007666666666674,0.28835333333333346,0.5754100000000001,0.2855766666666667,0.2791466666666668,0.23570000000000024,0.0,0.7092533333333334,0.26823333333333355,0.8538599999999998,0.27664999999999995,0.6046080000000003,0.41074,0.5574633333333333,0.35164400000000035,0.3121800000000002,0.5245
FH_OneQuietNight_ML,0.27543999999999996,0.8370266666666661,0.7804733333333339,1.5978679999999998,0.8374233333333331,0.3232399999999999,0.7534133333333334,0.728493333333333,0.8112966666666664,0.7206766666666663,0.7432233333333329,0.8024499999999999,0.8080666666666662,0.6468160000000005,0.6822633333333336,0.8638699999999998,0.41628,1.0764199999999997,0.8099066666666666,0.6297666666666664,0.7507166666666659,0.8930866666666665,0.8569733333333337,0.6382000000000007,0.8610366666666662,0.8364100000000004,0.8396440000000003,0.7092533333333334,0.0,0.8483966666666662,0.9485159999999999,0.8342200000000001,0.777156,1.0812,0.6230599999999998,0.694488,0.85319,0.8140099999999998
FH_RobertWalraven_ESG,0.6604560000000003,0.037550000000000014,0.6948000000000004,1.5648839999999995,0.03487333333333333,0.7662040000000006,0.5376633333333337,0.5843033333333342,0.5048266666666672,0.6379366666666664,0.5999066666666665,0.07903000000000004,0.10568000000000016,0.48356,0.3373500000000002,0.06877666666666661,1.36212,0.6407119999999996,0.09708333333333341,0.9835600000000003,0.4116966666666671,0.07130333333333344,0.07560999999999998,0.5838766666666666,0.03699666666666666,0.06848333333333342,0.082876,0.26823333333333355,0.8483966666666662,0.0,0.767668,0.03262333333333331,0.43189600000000006,0.7614600000000001,0.6784433333333331,0.206828,0.07232999999999999,0.33804
FH_SigSci_TS,0.8498000000000004,0.7840600000000003,0.8886280000000008,0.8899279999999998,0.7466800000000007,0.9160760000000002,0.7129239999999998,0.713544,0.7288519999999999,0.7345280000000007,0.7137840000000004,0.7453880000000004,0.7635840000000009,0.8965350000000001,0.8608439999999998,0.7279360000000001,1.3453600000000001,0.7209399999999999,0.8073360000000002,0.8649160000000006,0.8647160000000005,0.7649880000000002,0.7500440000000002,0.7773199999999997,0.7373560000000003,0.77758,0.7552439999999999,0.8538599999999998,0.9485159999999999,0.767668,0.0,0.7603920000000001,0.9125550000000004,,0.8651319999999998,0.8183150000000006,0.7311359999999998,0.8917599999999999
FH_TTU_squider,0.6472400000000003,0.05243333333333333,0.695016666666666,1.5489759999999986,0.04398333333333331,0.7526240000000004,0.5474833333333333,0.5945033333333327,0.5082333333333336,0.6436666666666665,0.6072433333333331,0.09659333333333353,0.09195666666666685,0.473628,0.3628433333333336,0.0815233333333333,1.3759000000000001,0.6316680000000001,0.11348333333333338,0.9830466666666666,0.40671000000000024,0.08961666666666682,0.08386999999999999,0.6030433333333332,0.06806999999999998,0.08987333333333349,0.07821999999999996,0.27664999999999995,0.8342200000000001,0.03262333333333331,0.7603920000000001,0.0,0.46162400000000003,0.68836,0.6804133333333333,0.20873200000000006,0.08947000000000002,0.37128000000000005
FH_UCLA_SuEIR,0.80919,0.4653080000000001,0.7099439999999998,1.5569450000000002,0.4594280000000001,0.80919,0.6959999999999998,0.7165159999999996,0.6591240000000002,0.7316559999999999,0.6883879999999998,0.45499200000000023,0.5030440000000002,0.541432,0.5423360000000003,0.47488400000000025,0.8127000000000002,0.8137550000000006,0.457476,0.8832359999999996,0.6019360000000002,0.4938760000000002,0.4668600000000002,0.7428039999999999,0.489576,0.48800800000000005,0.50254,0.6046080000000003,0.777156,0.43189600000000006,0.9125550000000004,0.46162400000000003,0.0,0.8149800000000001,0.6498360000000003,0.5630200000000003,0.4886920000000002,0.4647999999999998
FH_UCSB_ACTS,,0.742,0.5503399999999999,,0.6985799999999999,,0.52858,0.53594,0.5023999999999997,0.5113200000000001,0.5113200000000001,0.7122999999999997,0.6109,0.61194,0.63972,0.66534,,0.7899800000000002,0.75586,0.75776,0.6425400000000002,0.5406400000000002,0.6087399999999998,0.66328,0.7590999999999998,0.6514399999999999,,0.41074,1.0812,0.7614600000000001,,0.68836,0.8149800000000001,0.0,0.72992,0.77166,0.73142,0.6651000000000002
FH_UMich_RidgeTfReg,0.675948,0.6763099999999999,0.6478266666666667,1.4121639999999984,0.6750999999999997,0.7354440000000003,0.7114600000000002,0.6860799999999995,0.7227566666666668,0.6938133333333335,0.6803066666666668,0.6761466666666669,0.6558833333333335,0.7635080000000001,0.6622666666666667,0.6732833333333336,0.41646,0.8222879999999998,0.6638533333333333,0.6377866666666672,0.6683133333333331,0.6859966666666668,0.6567633333333335,0.5784366666666666,0.6958333333333335,0.6806899999999998,0.574308,0.5574633333333333,0.6230599999999998,0.6784433333333331,0.8651319999999998,0.6804133333333333,0.6498360000000003,0.72992,0.0,0.6804760000000005,0.6786999999999999,0.74309
FH_UVA_Ensemble,0.5719000000000001,0.2194160000000001,0.693484,1.5859200000000007,0.20195600000000008,0.6583649999999999,0.49202400000000024,0.5245679999999999,0.4799520000000001,0.5614640000000003,0.5173280000000003,0.24900399999999986,0.24280000000000013,0.5003300000000004,0.40993200000000024,0.23846800000000004,1.2960600000000002,0.8081800000000002,0.25308400000000014,0.8695160000000001,0.4954320000000002,0.2643320000000002,0.2503759999999999,0.6058799999999999,0.2458400000000001,0.25634399999999996,0.20742000000000005,0.35164400000000035,0.694488,0.206828,0.8183150000000006,0.20873200000000006,0.5630200000000003,0.77166,0.6804760000000005,0.0,0.25552000000000014,0.4102499999999999
USC_SI_kJalpha,0.6936639999999994,0.10868999999999997,0.6826999999999999,1.5151479999999986,0.07926999999999997,0.8003439999999996,0.5398000000000001,0.5885799999999997,0.49824333333333387,0.6393599999999996,0.5996433333333331,0.13719000000000003,0.16762666666666676,0.5134399999999999,0.40703,0.0965666666666667,1.34916,0.6009880000000003,0.13146666666666676,0.9702066666666669,0.433066666666667,0.12209333333333336,0.11538333333333334,0.5704466666666665,0.10653999999999998,0.13877666666666677,0.143428,0.3121800000000002,0.85319,0.07232999999999999,0.7311359999999998,0.08947000000000002,0.4886920000000002,0.73142,0.6786999999999999,0.25552000000000014,0.0,0.32305000000000006
ensemble_SIkJa_RF,0.8305999999999999,0.38058999999999993,0.61588,1.59366,0.3485399999999999,0.8305999999999999,0.6791799999999998,0.7127600000000003,0.62495,0.70772,0.6741500000000002,0.39126,0.4545600000000001,0.4030300000000001,0.45955999999999997,0.31812000000000007,,0.5141199999999999,0.36516000000000004,0.8589299999999995,0.4697600000000002,0.3786,0.3647100000000002,0.6750499999999999,0.37483999999999995,0.38703000000000004,0.3674200000000002,0.5245,0.8140099999999998,0.33804,0.8917599999999999,0.37128000000000005,0.4647999999999998,0.6651000000000002,0.74309,0.4102499999999999,0.32305000000000006,0.0
