,COVID_Hub_Trained_Ensemble,FH_BPagano_RtDriven,FH_COVIDhub_4_week_ensemble,FH_COVIDhub_CDC_ensemble,FH_COVIDhub_baseline,FH_COVIDhub_ensemble,FH_COVIDhub_trained_ensemble,FH_CU_nochange,FH_CU_scenario_low,FH_CU_scenario_mid,FH_CU_select,FH_CovidAnalytics_DELPHI,FH_Google_Harvard_CPF,FH_IEM_MED_CovidProject,FH_IHME_CurveFit,FH_JHUAPL_Bucky,FH_JHU_CSSE_DECOM,FH_JHU_UNC_GAS_StatMechPool,FH_KITmetricslab_select_ensemble,FH_Karlen_pypm,FH_MIT_Cassandra,FH_MIT_ISOLAT_Mixtures,FH_MOBS_GLEAM_COVID,FH_MUNI_ARIMA,FH_MUNI_VAR,FH_Microsoft_DeepSTIA,FH_RobertWalraven_ESG,FH_TTU_squider,FH_UMich_RidgeTfReg,FH_UVA_Ensemble,USC_SI_kJalpha
COVID_Hub_Trained_Ensemble,0.0,0.41473000000000004,0.3001100000000001,0.24445999999999996,1.4252099999999992,0.3001100000000001,0.0,0.3990800000000004,0.5098133333333337,0.37665000000000004,0.3756633333333333,0.56771,0.8312999999999999,0.5196,0.34931999999999985,0.42883333333333307,0.38087000000000015,0.45721500000000004,0.41974000000000017,0.4464700000000003,0.637985,0.3666466666666668,0.38757,0.3825633333333333,0.49776000000000026,0.46575500000000003,0.5794100000000002,0.6038300000000001,0.7668200000000001,0.5132766666666668,0.44345999999999997
FH_BPagano_RtDriven,0.41473000000000004,0.0,0.4394966666666668,0.40156000000000014,1.473509999999998,0.4394966666666668,0.41473000000000004,0.5834866666666667,0.7162500000000003,0.595493333333333,0.5146000000000003,0.6128466666666669,0.7995066666666656,0.33742333333333346,0.41065999999999997,0.5063533333333333,0.3432733333333337,0.4704249999999996,0.2524566666666667,0.4819166666666666,0.6287050000000002,0.2339,0.15447,0.5398533333333335,0.5451600000000001,0.42743000000000037,0.6261366666666663,0.7237699999999997,0.7647099999999993,0.6277033333333336,0.6193966666666672
FH_COVIDhub_4_week_ensemble,0.3001100000000001,0.4394966666666668,0.0,0.0,1.4071733333333336,0.0,0.3001100000000001,0.56592,0.6178466666666667,0.5857633333333333,0.6319033333333335,0.33257999999999993,0.9566133333333331,0.5083000000000004,0.44912000000000013,0.44684333333333315,0.3636166666666668,0.35052000000000016,0.4002199999999999,0.3266366666666667,0.4863650000000002,0.12471333333333334,0.13357999999999998,0.4613433333333333,0.60085,0.5444399999999998,0.33712000000000014,0.40242666666666677,0.87899,0.39152000000000003,0.5313333333333333
FH_COVIDhub_CDC_ensemble,0.24445999999999996,0.40156000000000014,0.0,0.0,1.41382,0.0,0.24445999999999996,0.7221799999999999,0.7647799999999999,0.67366,0.67366,0.50444,0.95202,0.54928,,0.5936399999999998,0.4504200000000001,,0.36188,0.4319000000000002,,,,0.58264,0.6196200000000001,0.48459999999999986,0.48707999999999985,0.5277000000000001,,0.44815999999999995,0.5316200000000001
FH_COVIDhub_baseline,1.4252099999999992,1.473509999999998,1.4071733333333336,1.41382,0.0,1.4071733333333336,1.4252099999999992,1.5032233333333331,1.4874633333333336,1.4263899999999998,1.4719266666666664,1.5329566666666663,1.5480466666666677,1.4633366666666652,1.4616200000000004,1.500453333333332,1.4421333333333328,1.4036500000000003,1.5865500000000008,1.5377433333333306,1.4348300000000003,1.270566666666667,1.5607599999999988,1.3991899999999993,1.4714800000000008,1.680275000000001,1.5206533333333307,1.4085966666666638,1.409275000000001,1.4296299999999997,1.4842966666666642
FH_COVIDhub_ensemble,0.3001100000000001,0.4394966666666668,0.0,0.0,1.4071733333333336,0.0,0.3001100000000001,0.56592,0.6178466666666667,0.5857633333333333,0.6319033333333335,0.33257999999999993,0.9566133333333331,0.5083000000000004,0.44912000000000013,0.44684333333333315,0.3636166666666668,0.35052000000000016,0.4002199999999999,0.3266366666666667,0.4863650000000002,0.12471333333333334,0.13357999999999998,0.4613433333333333,0.60085,0.5444399999999998,0.33712000000000014,0.40242666666666677,0.87899,0.39152000000000003,0.5313333333333333
FH_COVIDhub_trained_ensemble,0.0,0.41473000000000004,0.3001100000000001,0.24445999999999996,1.4252099999999992,0.3001100000000001,0.0,0.3990800000000004,0.5098133333333337,0.37665000000000004,0.3756633333333333,0.56771,0.8312999999999999,0.5196,0.34931999999999985,0.42883333333333307,0.38087000000000015,0.45721500000000004,0.41974000000000017,0.4464700000000003,0.637985,0.3666466666666668,0.38757,0.3825633333333333,0.49776000000000026,0.46575500000000003,0.5794100000000002,0.6038300000000001,0.7668200000000001,0.5132766666666668,0.44345999999999997
FH_CU_nochange,0.3990800000000004,0.5834866666666667,0.56592,0.7221799999999999,1.5032233333333331,0.56592,0.3990800000000004,0.0,0.15012666666666685,0.12750000000000003,0.21462666666666658,0.6924599999999999,0.6995433333333332,0.6592233333333335,0.6717400000000001,0.46710000000000035,0.56883,0.6450149999999999,0.5837333333333333,0.519846666666667,0.677455,0.5098933333333335,0.47179000000000004,0.4606600000000001,0.5828949999999998,0.5348349999999997,0.7160033333333341,0.7513500000000005,0.66124,0.6710266666666662,0.4902633333333333
FH_CU_scenario_low,0.5098133333333337,0.7162500000000003,0.6178466666666667,0.7647799999999999,1.4874633333333336,0.6178466666666667,0.5098133333333337,0.15012666666666685,0.0,0.1933066666666667,0.27854000000000007,0.7004833333333333,0.7258666666666662,0.7131333333333337,0.6999200000000001,0.57899,0.6600433333333333,0.6465850000000002,0.7188299999999999,0.5922266666666666,0.6813450000000004,0.6040133333333335,0.6231799999999997,0.5433899999999999,0.650005,0.6891750000000002,0.7335333333333337,0.7532033333333331,0.686345,0.6634866666666661,0.44812666666666673
FH_CU_scenario_mid,0.37665000000000004,0.595493333333333,0.5857633333333333,0.67366,1.4263899999999998,0.5857633333333333,0.37665000000000004,0.12750000000000003,0.1933066666666667,0.0,0.10444000000000006,0.7814800000000001,0.7057600000000002,0.6324466666666657,0.5577199999999999,0.4735900000000004,0.5791733333333333,0.658815,0.6185200000000001,0.57884,0.7521550000000004,0.5822800000000001,0.62832,0.4538366666666667,0.5848600000000002,0.5712600000000003,0.7933566666666656,0.8142366666666664,0.6852050000000002,0.6943266666666668,0.5054866666666663
FH_CU_select,0.3756633333333333,0.5146000000000003,0.6319033333333335,0.67366,1.4719266666666664,0.6319033333333335,0.3756633333333333,0.21462666666666658,0.27854000000000007,0.10444000000000006,0.0,0.8528400000000003,0.6764233333333333,0.5981266666666665,0.32202000000000003,0.470586666666667,0.5379799999999999,0.6422149999999999,0.5520733333333332,0.6282133333333325,0.74738,0.5848400000000001,0.6197500000000001,0.4687333333333333,0.5259100000000001,0.5179400000000003,0.8665566666666661,0.8984566666666666,0.6620199999999998,0.7603266666666668,0.4985733333333334
FH_CovidAnalytics_DELPHI,0.56771,0.6128466666666669,0.33257999999999993,0.50444,1.5329566666666663,0.33257999999999993,0.56771,0.6924599999999999,0.7004833333333333,0.7814800000000001,0.8528400000000003,0.0,0.9779600000000002,0.6434733333333331,0.8681,0.561576666666667,0.55446,0.363665,0.48119,0.29814333333333326,0.47211499999999995,0.09457999999999994,0.02893999999999995,0.6530966666666667,0.735085,0.5728900000000003,0.08780333333333337,0.1995566666666667,0.9484049999999999,0.37944666666666693,0.6458499999999994
FH_Google_Harvard_CPF,0.8312999999999999,0.7995066666666656,0.9566133333333331,0.95202,1.5480466666666677,0.9566133333333331,0.8312999999999999,0.6995433333333332,0.7258666666666662,0.7057600000000002,0.6764233333333333,0.9779600000000002,0.0,0.7541299999999997,0.7134800000000002,0.7900866666666656,0.8849400000000005,1.00835,0.7804966666666667,0.9094366666666669,0.9240650000000002,0.7959066666666664,0.9026699999999996,0.7614266666666674,0.7643349999999998,0.6459300000000004,0.9951000000000009,1.01522,0.4061500000000004,0.8578266666666667,0.8249333333333326
FH_IEM_MED_CovidProject,0.5196,0.33742333333333346,0.5083000000000004,0.54928,1.4633366666666652,0.5083000000000004,0.5196,0.6592233333333335,0.7131333333333337,0.6324466666666657,0.5981266666666665,0.6434733333333331,0.7541299999999997,0.0,0.5042,0.5802600000000004,0.49832000000000004,0.4639100000000002,0.3633399999999997,0.5121633333333333,0.6717800000000002,0.40684000000000015,0.4150200000000001,0.6423333333333336,0.6175599999999999,0.6031950000000003,0.6392433333333329,0.6921499999999997,0.7702300000000001,0.6502966666666664,0.5709733333333339
FH_IHME_CurveFit,0.34931999999999985,0.41065999999999997,0.44912000000000013,,1.4616200000000004,0.44912000000000013,0.34931999999999985,0.6717400000000001,0.6999200000000001,0.5577199999999999,0.32202000000000003,0.8681,0.7134800000000002,0.5042,0.0,0.5023399999999999,0.42661999999999994,0.6653600000000001,0.40820000000000006,0.6173200000000001,,,,0.5124999999999998,0.5101599999999998,0.5762999999999999,0.9991400000000003,1.0596999999999996,,0.8877799999999999,0.48336000000000007
FH_JHUAPL_Bucky,0.42883333333333307,0.5063533333333333,0.44684333333333315,0.5936399999999998,1.500453333333332,0.44684333333333315,0.42883333333333307,0.46710000000000035,0.57899,0.4735900000000004,0.470586666666667,0.561576666666667,0.7900866666666656,0.5802600000000004,0.5023399999999999,0.0,0.5073599999999996,0.5714300000000001,0.4122900000000002,0.4369733333333332,0.6472850000000001,0.2397933333333333,0.32057,0.5617599999999998,0.6413000000000002,0.42075,0.5699033333333331,0.6167833333333336,0.8023349999999999,0.62727,0.5856633333333334
FH_JHU_CSSE_DECOM,0.38087000000000015,0.3432733333333337,0.3636166666666668,0.4504200000000001,1.4421333333333328,0.3636166666666668,0.38087000000000015,0.56883,0.6600433333333333,0.5791733333333333,0.5379799999999999,0.55446,0.8849400000000005,0.49832000000000004,0.42661999999999994,0.5073599999999996,0.0,0.4433550000000001,0.3541000000000001,0.5001733333333334,0.5753699999999998,0.19514000000000006,0.14509,0.4704799999999999,0.5723650000000002,0.49491500000000016,0.5652200000000001,0.6464766666666668,0.8312699999999996,0.571683333333333,0.5919066666666664
FH_JHU_UNC_GAS_StatMechPool,0.45721500000000004,0.4704249999999996,0.35052000000000016,,1.4036500000000003,0.35052000000000016,0.45721500000000004,0.6450149999999999,0.6465850000000002,0.658815,0.6422149999999999,0.363665,1.00835,0.4639100000000002,0.6653600000000001,0.5714300000000001,0.4433550000000001,0.0,0.4557050000000001,0.45909500000000014,0.5883533333333333,0.25902000000000003,0.14751999999999998,0.6537950000000003,0.64906,0.62312,0.4040050000000003,0.46206,0.9524733333333336,0.4409750000000001,0.46408
FH_KITmetricslab_select_ensemble,0.41974000000000017,0.2524566666666667,0.4002199999999999,0.36188,1.5865500000000008,0.4002199999999999,0.41974000000000017,0.5837333333333333,0.7188299999999999,0.6185200000000001,0.5520733333333332,0.48119,0.7804966666666667,0.3633399999999997,0.40820000000000006,0.4122900000000002,0.3541000000000001,0.4557050000000001,0.0,0.34009000000000006,0.5992000000000001,0.12313333333333333,0.12009000000000002,0.5117500000000003,0.536605,0.3354149999999999,0.5061166666666669,0.6227233333333335,0.7790899999999996,0.559336666666667,0.6005866666666665
FH_Karlen_pypm,0.4464700000000003,0.4819166666666666,0.3266366666666667,0.4319000000000002,1.5377433333333306,0.3266366666666667,0.4464700000000003,0.519846666666667,0.5922266666666666,0.57884,0.6282133333333325,0.29814333333333326,0.9094366666666669,0.5121633333333333,0.6173200000000001,0.4369733333333332,0.5001733333333334,0.45909500000000014,0.34009000000000006,0.0,0.507535,0.12503333333333333,0.09117000000000001,0.537506666666667,0.6532199999999999,0.5011550000000002,0.30388333333333345,0.4258066666666669,0.9014699999999997,0.4480366666666666,0.6144999999999998
FH_MIT_Cassandra,0.637985,0.6287050000000002,0.4863650000000002,,1.4348300000000003,0.4863650000000002,0.637985,0.677455,0.6813450000000004,0.7521550000000004,0.74738,0.47211499999999995,0.9240650000000002,0.6717800000000002,,0.6472850000000001,0.5753699999999998,0.5883533333333333,0.5992000000000001,0.507535,0.0,0.41676666666666645,0.46627999999999986,0.6400099999999999,0.6297799999999999,0.6459400000000001,0.44516500000000003,0.46212000000000003,0.8642950000000001,0.5649350000000003,0.6667749999999997
FH_MIT_ISOLAT_Mixtures,0.3666466666666668,0.2339,0.12471333333333334,,1.270566666666667,0.12471333333333334,0.3666466666666668,0.5098933333333335,0.6040133333333335,0.5822800000000001,0.5848400000000001,0.09457999999999994,0.7959066666666664,0.40684000000000015,,0.2397933333333333,0.19514000000000006,0.25902000000000003,0.12313333333333333,0.12503333333333333,0.41676666666666645,0.0,0.07871,0.43422666666666665,0.5845399999999998,0.26552000000000003,0.10696,0.24385333333333345,0.7582466666666665,0.23408666666666667,0.5915933333333333
FH_MOBS_GLEAM_COVID,0.38757,0.15447,0.13357999999999998,,1.5607599999999988,0.13357999999999998,0.38757,0.47179000000000004,0.6231799999999997,0.62832,0.6197500000000001,0.02893999999999995,0.9026699999999996,0.4150200000000001,,0.32057,0.14509,0.14751999999999998,0.12009000000000002,0.09117000000000001,0.46627999999999986,0.07871,0.0,0.4779899999999999,,0.21700000000000003,0.02302999999999996,0.2706099999999999,0.9260500000000002,0.35167000000000004,0.7133800000000003
FH_MUNI_ARIMA,0.3825633333333333,0.5398533333333335,0.4613433333333333,0.58264,1.3991899999999993,0.4613433333333333,0.3825633333333333,0.4606600000000001,0.5433899999999999,0.4538366666666667,0.4687333333333333,0.6530966666666667,0.7614266666666674,0.6423333333333336,0.5124999999999998,0.5617599999999998,0.4704799999999999,0.6537950000000003,0.5117500000000003,0.537506666666667,0.6400099999999999,0.43422666666666665,0.4779899999999999,0.0,0.4544300000000001,0.531315,0.6721100000000004,0.6767333333333335,0.6915200000000005,0.6419900000000001,0.5829966666666672
FH_MUNI_VAR,0.49776000000000026,0.5451600000000001,0.60085,0.6196200000000001,1.4714800000000008,0.60085,0.49776000000000026,0.5828949999999998,0.650005,0.5848600000000002,0.5259100000000001,0.735085,0.7643349999999998,0.6175599999999999,0.5101599999999998,0.6413000000000002,0.5723650000000002,0.64906,0.536605,0.6532199999999999,0.6297799999999999,0.5845399999999998,,0.4544300000000001,0.0,0.6196800000000001,0.7294599999999997,0.7817449999999998,0.55366,0.687335,0.5849300000000003
FH_Microsoft_DeepSTIA,0.46575500000000003,0.42743000000000037,0.5444399999999998,0.48459999999999986,1.680275000000001,0.5444399999999998,0.46575500000000003,0.5348349999999997,0.6891750000000002,0.5712600000000003,0.5179400000000003,0.5728900000000003,0.6459300000000004,0.6031950000000003,0.5762999999999999,0.42075,0.49491500000000016,0.62312,0.3354149999999999,0.5011550000000002,0.6459400000000001,0.26552000000000003,0.21700000000000003,0.531315,0.6196800000000001,0.0,0.6013699999999998,0.6954199999999997,0.5651599999999999,0.68371,0.6007900000000003
FH_RobertWalraven_ESG,0.5794100000000002,0.6261366666666663,0.33712000000000014,0.48707999999999985,1.5206533333333307,0.33712000000000014,0.5794100000000002,0.7160033333333341,0.7335333333333337,0.7933566666666656,0.8665566666666661,0.08780333333333337,0.9951000000000009,0.6392433333333329,0.9991400000000003,0.5699033333333331,0.5652200000000001,0.4040050000000003,0.5061166666666669,0.30388333333333345,0.44516500000000003,0.10696,0.02302999999999996,0.6721100000000004,0.7294599999999997,0.6013699999999998,0.0,0.17340333333333333,0.9494649999999993,0.3555433333333335,0.6733033333333335
FH_TTU_squider,0.6038300000000001,0.7237699999999997,0.40242666666666677,0.5277000000000001,1.4085966666666638,0.40242666666666677,0.6038300000000001,0.7513500000000005,0.7532033333333331,0.8142366666666664,0.8984566666666666,0.1995566666666667,1.01522,0.6921499999999997,1.0596999999999996,0.6167833333333336,0.6464766666666668,0.46206,0.6227233333333335,0.4258066666666669,0.46212000000000003,0.24385333333333345,0.2706099999999999,0.6767333333333335,0.7817449999999998,0.6954199999999997,0.17340333333333333,0.0,0.9710499999999991,0.39179333333333377,0.6955766666666664
FH_UMich_RidgeTfReg,0.7668200000000001,0.7647099999999993,0.87899,,1.409275000000001,0.87899,0.7668200000000001,0.66124,0.686345,0.6852050000000002,0.6620199999999998,0.9484049999999999,0.4061500000000004,0.7702300000000001,,0.8023349999999999,0.8312699999999996,0.9524733333333336,0.7790899999999996,0.9014699999999997,0.8642950000000001,0.7582466666666665,0.9260500000000002,0.6915200000000005,0.55366,0.5651599999999999,0.9494649999999993,0.9710499999999991,0.0,0.8143299999999998,0.7672900000000001
FH_UVA_Ensemble,0.5132766666666668,0.6277033333333336,0.39152000000000003,0.44815999999999995,1.4296299999999997,0.39152000000000003,0.5132766666666668,0.6710266666666662,0.6634866666666661,0.6943266666666668,0.7603266666666668,0.37944666666666693,0.8578266666666667,0.6502966666666664,0.8877799999999999,0.62727,0.571683333333333,0.4409750000000001,0.559336666666667,0.4480366666666666,0.5649350000000003,0.23408666666666667,0.35167000000000004,0.6419900000000001,0.687335,0.68371,0.3555433333333335,0.39179333333333377,0.8143299999999998,0.0,0.6507166666666664
USC_SI_kJalpha,0.44345999999999997,0.6193966666666672,0.5313333333333333,0.5316200000000001,1.4842966666666642,0.5313333333333333,0.44345999999999997,0.4902633333333333,0.44812666666666673,0.5054866666666663,0.4985733333333334,0.6458499999999994,0.8249333333333326,0.5709733333333339,0.48336000000000007,0.5856633333333334,0.5919066666666664,0.46408,0.6005866666666665,0.6144999999999998,0.6667749999999997,0.5915933333333333,0.7133800000000003,0.5829966666666672,0.5849300000000003,0.6007900000000003,0.6733033333333335,0.6955766666666664,0.7672900000000001,0.6507166666666664,0.0
